# step beta_mu_ex.real beta_P.real rho.real -kTlog(Q)
1000 -6.19 0.00 0.02 -69.07-0.02j
2000 -7.61 0.00 0.02 -83.30+0.08j
3000 -5.04 0.00 0.02 -57.57+0.02j
4000 -7.01 0.00 0.02 -77.33+0.02j
5000 -13.99 0.00 0.02 -147.05-0.00j
6000 -11.30 0.00 0.02 -120.15+0.00j
7000 -3.19 0.00 0.02 -39.10-0.00j
8000 -6.91 0.00 0.02 -76.31-0.00j
9000 -4.75 0.00 0.02 -54.66-0.00j
10000 -8.03 0.00 0.02 -87.45+0.00j
11000 -4.27 0.00 0.02 -49.86+0.00j
12000 -9.46 0.00 0.02 -101.80-0.00j
13000 -10.63 0.00 0.02 -113.48+0.00j
14000 -5.03 0.00 0.02 -57.53-0.00j
15000 -5.00 0.00 0.02 -57.23+0.00j
16000 -11.18 0.00 0.02 -119.02+0.00j
17000 -9.86 0.00 0.02 -105.81-0.00j
18000 -10.29 0.00 0.02 -110.04+0.00j
19000 -6.24 0.00 0.02 -69.57-0.00j
20000 -9.68 0.00 0.02 -104.00-0.00j
21000 -7.71 0.00 0.02 -84.28+0.00j
22000 -13.06 0.00 0.02 -137.83+0.00j
23000 -6.40 0.00 0.02 -71.17-0.00j
24000 -10.54 0.00 0.02 -112.63+0.00j
25000 -13.66 0.00 0.02 -143.82+0.00j
26000 -10.84 0.00 0.02 -115.54+0.00j
27000 -9.41 0.00 0.02 -101.26+0.00j
28000 -12.39 0.00 0.02 -131.08-0.00j
29000 -11.27 0.00 0.02 -119.86-0.00j
30000 -5.62 0.00 0.02 -63.35-0.00j
31000 -7.97 0.00 0.02 -86.87-0.00j
32000 -7.06 0.00 0.02 -77.74-0.00j
33000 -10.17 0.00 0.02 -108.84-0.00j
34000 -18.30 -0.00 0.02 -190.17+0.00j
35000 -12.15 0.00 0.02 -128.66+0.00j
36000 -8.28 0.00 0.02 -89.97+0.00j
37000 -6.64 0.00 0.02 -73.62+0.00j
38000 -4.24 0.00 0.02 -49.62+0.00j
39000 -7.84 0.00 0.02 -85.55+0.00j
40000 -11.72 0.00 0.02 -124.39+0.00j
41000 -16.56 0.00 0.02 -172.78+0.00j
42000 -5.34 0.00 0.02 -60.62-0.00j
43000 -7.01 0.00 0.02 -77.28-0.00j
44000 -7.70 0.00 0.02 -84.16-0.00j
45000 -3.77 0.00 0.02 -44.92+0.00j
46000 -12.15 0.00 0.02 -128.69+0.00j
47000 -9.19 0.00 0.02 -99.12+0.00j
48000 -9.07 0.00 0.02 -97.84+0.00j
49000 -7.64 0.00 0.02 -83.63+0.00j
50000 -9.13 0.00 0.02 -98.53+0.00j
51000 -9.42 0.00 0.02 -101.39+0.00j
52000 -9.62 0.00 0.02 -103.40+0.00j
53000 -17.73 -0.00 0.02 -184.49-0.00j
54000 -20.69 -0.00 0.02 -214.06+0.00j
55000 -12.98 0.00 0.02 -137.00+0.00j
56000 -9.44 0.00 0.02 -101.56+0.00j
57000 -12.31 0.00 0.02 -130.25+0.00j
58000 -8.05 0.00 0.02 -87.64+0.00j
59000 -7.42 0.00 0.02 -81.34+0.00j
60000 -6.36 0.00 0.02 -70.75-0.00j
61000 -15.11 -0.00 0.02 -158.30+0.00j
62000 -12.93 0.00 0.02 -136.45+0.00j
63000 -16.54 0.00 0.02 -172.56+0.00j
64000 -6.57 0.00 0.02 -72.83+0.00j
65000 -6.35 0.00 0.02 -70.67+0.00j
66000 -7.41 0.00 0.02 -81.27+0.00j
67000 -9.14 0.00 0.02 -98.55-0.00j
68000 -8.18 0.00 0.02 -88.96+0.00j
69000 -1.90 0.00 0.02 -26.15-0.00j
70000 -8.07 0.00 0.02 -87.92-0.00j
71000 -9.50 0.00 0.02 -102.18+0.00j
72000 -6.85 0.00 0.02 -75.65+0.00j
73000 -11.64 0.00 0.02 -123.55+0.00j
74000 -13.66 -0.00 0.02 -143.80+0.00j
75000 -11.93 0.00 0.02 -126.52+0.00j
76000 -12.25 0.00 0.02 -129.65+0.00j
77000 -13.34 0.00 0.02 -140.55+0.00j
78000 -6.83 0.00 0.02 -75.48-0.00j
79000 -11.66 0.00 0.02 -123.78+0.00j
80000 -10.25 0.00 0.02 -109.65+0.00j
81000 -6.22 0.00 0.02 -69.35+0.00j
82000 -7.11 0.00 0.02 -78.27-0.00j
83000 -7.57 0.00 0.02 -82.87-0.00j
84000 -9.55 0.00 0.02 -102.67+0.00j
85000 -10.33 0.00 0.02 -110.51+0.00j
86000 -11.26 0.00 0.02 -119.74+0.00j
87000 -13.57 0.00 0.02 -142.88+0.00j
88000 -9.26 0.00 0.02 -99.76-0.00j
89000 -4.64 0.00 0.02 -53.57+0.00j
90000 -6.32 0.00 0.02 -70.34+0.00j
91000 -9.74 0.00 0.02 -104.58+0.00j
92000 -8.72 0.00 0.02 -94.43+0.00j
93000 -13.72 -0.00 0.02 -144.38+0.00j
94000 -6.95 0.00 0.02 -76.72-0.00j
95000 -9.48 0.00 0.02 -101.96+0.00j
96000 -10.68 0.00 0.02 -114.01+0.00j
97000 -6.61 0.00 0.02 -73.30+0.00j
98000 -11.16 0.00 0.02 -118.82+0.00j
99000 -11.63 0.00 0.02 -123.52+0.00j
100000 -7.30 0.00 0.02 -80.22-0.00j
101000 -7.44 0.00 0.02 -81.58+0.00j
102000 -11.23 0.00 0.02 -119.52+0.00j
103000 -8.26 0.00 0.02 -89.80+0.00j
104000 -10.33 0.00 0.02 -110.46+0.00j
105000 -8.33 0.00 0.02 -90.50+0.00j
106000 -12.70 0.00 0.02 -134.22+0.00j
107000 -11.40 0.00 0.02 -121.21+0.00j
108000 -13.69 0.00 0.02 -144.10-0.00j
109000 -9.09 0.00 0.02 -98.05+0.00j
110000 -4.71 0.00 0.02 -54.30+0.00j
111000 -6.80 0.00 0.02 -75.18+0.00j
112000 -8.36 0.00 0.02 -90.79+0.00j
113000 -14.70 0.00 0.02 -154.16-0.00j
114000 -13.67 -0.00 0.02 -143.86-0.00j
115000 -4.96 0.00 0.02 -56.79-0.00j
116000 -2.46 0.00 0.02 -31.75+0.00j
117000 -1.58 0.00 0.02 -23.02+0.00j
118000 -9.67 0.00 0.02 -103.87+0.00j
119000 -6.40 0.00 0.02 -71.23+0.00j
120000 -9.01 0.00 0.02 -97.29-0.00j
121000 -11.00 0.00 0.02 -117.22+0.00j
122000 -2.41 0.00 0.02 -31.33+0.00j
123000 -7.02 0.00 0.02 -77.40+0.00j
124000 -9.63 0.00 0.02 -103.44+0.00j
125000 -11.38 0.00 0.02 -120.99+0.00j
126000 -5.14 0.00 0.02 -58.59-0.00j
127000 -4.81 0.00 0.02 -55.24+0.00j
128000 -4.14 0.00 0.02 -48.59-0.00j
129000 -9.41 0.00 0.02 -101.32+0.00j
130000 -22.83 -0.00 0.02 -235.50+0.00j
131000 -13.76 -0.00 0.02 -144.76+0.00j
132000 -13.72 0.00 0.02 -144.35-0.00j
133000 -8.05 0.00 0.02 -87.64+0.00j
134000 -9.82 0.00 0.02 -105.37+0.00j
135000 -7.71 0.00 0.02 -84.30-0.00j
136000 -7.58 0.00 0.02 -82.95+0.00j
137000 -15.43 0.00 0.02 -161.44+0.00j
138000 -15.50 -0.00 0.02 -162.22-0.00j
139000 -12.11 0.00 0.02 -128.30+0.00j
140000 -12.31 0.00 0.02 -130.29-0.00j
141000 -13.56 -0.00 0.02 -142.74-0.00j
142000 -0.51 0.00 0.02 -12.32+0.00j
143000 -2.46 0.00 0.02 -31.77-0.00j
144000 -10.69 0.00 0.02 -114.08-0.00j
145000 -9.39 0.00 0.02 -101.13-0.00j
146000 -14.10 0.00 0.02 -148.21-0.00j
147000 -9.26 0.00 0.02 -99.81+0.00j
148000 -7.95 0.00 0.02 -86.71+0.00j
149000 -0.27 0.00 0.02 -9.83+0.00j
150000 -3.99 0.00 0.02 -47.10+0.00j
151000 -5.81 0.00 0.02 -65.33+0.00j
152000 -8.68 0.00 0.02 -93.98+0.00j
153000 -16.39 -0.00 0.02 -171.05+0.00j
154000 -9.92 0.00 0.02 -106.34+0.00j
155000 -6.55 0.00 0.02 -72.70+0.00j
156000 -1.80 0.00 0.02 -25.21+0.00j
157000 -10.39 0.00 0.02 -111.09+0.00j
158000 -6.70 0.00 0.02 -74.17+0.00j
159000 -14.27 0.00 0.02 -149.85-0.00j
160000 -7.82 0.00 0.02 -85.41+0.00j
161000 -8.19 0.00 0.02 -89.11+0.00j
162000 -5.47 0.00 0.02 -61.91-0.00j
163000 -18.36 -0.00 0.02 -190.79+0.00j
164000 -11.95 0.00 0.02 -126.68+0.00j
165000 -9.99 0.00 0.02 -107.06+0.00j
166000 -5.36 0.00 0.02 -60.75+0.00j
167000 -5.40 0.00 0.02 -61.23-0.00j
168000 -11.41 0.00 0.02 -121.31+0.00j
169000 -8.36 0.00 0.02 -90.74-0.00j
170000 -12.61 0.00 0.02 -133.30+0.00j
171000 -8.29 0.00 0.02 -90.05+0.00j
172000 -19.50 -0.00 0.02 -202.16+0.00j
173000 -21.12 0.00 0.02 -218.39-0.00j
174000 -10.85 0.00 0.02 -115.70+0.00j
175000 -14.82 0.00 0.02 -155.43-0.00j
176000 -8.30 0.00 0.02 -90.23-0.00j
177000 -11.28 0.00 0.02 -119.95-0.00j
178000 -7.16 0.00 0.02 -78.79+0.00j
179000 -7.59 0.00 0.02 -83.06+0.00j
180000 -10.31 0.00 0.02 -110.29+0.00j
181000 -6.73 0.00 0.02 -74.48+0.00j
182000 -12.18 0.00 0.02 -128.98+0.00j
183000 -9.91 0.00 0.02 -106.29+0.00j
184000 -11.47 0.00 0.02 -121.86+0.00j
185000 -14.09 -0.00 0.02 -148.09+0.00j
186000 -7.33 0.00 0.02 -80.50-0.00j
187000 -10.25 0.00 0.02 -109.72+0.00j
188000 -12.21 0.00 0.02 -129.24+0.00j
189000 -5.90 0.00 0.02 -66.16+0.00j
190000 -8.74 0.00 0.02 -94.57+0.00j
191000 -13.82 0.00 0.02 -145.39+0.00j
192000 -15.72 -0.00 0.02 -164.34+0.00j
193000 -12.19 0.00 0.02 -129.11+0.00j
194000 -11.08 0.00 0.02 -118.00-0.00j
195000 -16.70 -0.00 0.02 -174.16+0.00j
196000 -12.63 0.00 0.02 -133.49+0.00j
197000 -14.86 -0.00 0.02 -155.76-0.00j
198000 -4.63 0.00 0.02 -53.50-0.00j
199000 -12.28 0.00 0.02 -129.99-0.00j
