# step beta_mu_ex.real beta_P.real rho.real -kTlog(Q)
1000 -139.67 0.00 0.01 0.20-0.04j
2000 -138.12 0.00 0.01 0.28-0.03j
3000 -136.99 0.00 0.01 0.33-0.02j
4000 -136.70 0.00 0.01 0.35+0.08j
5000 -135.05 0.00 0.01 0.43+0.15j
6000 -137.20 0.01 -0.01 0.32+0.10j
7000 -132.98 0.00 0.02 0.53-0.07j
8000 -133.07 0.00 0.01 0.53-0.15j
9000 -133.85 -0.00 0.03 0.49+0.01j
10000 -135.22 0.01 -0.01 0.42-0.03j
11000 -160.40 -0.03 0.05 -0.84-0.04j
12000 -145.89 0.03 -0.06 -0.11+0.15j
13000 -153.78 -0.02 -0.02 -0.51-0.12j
14000 -152.80 -0.01 0.01 -0.46+0.08j
15000 -148.99 0.03 -0.01 -0.27-0.06j
16000 -138.00 0.02 -0.03 0.28+0.12j
17000 -141.51 -0.06 0.04 0.11+0.10j
18000 -136.99 -0.00 0.06 0.33-0.02j
19000 -132.89 0.00 0.01 0.54+0.02j
20000 -135.14 0.00 0.02 0.43-0.09j
21000 -138.54 0.00 -0.06 0.26-0.02j
22000 -153.29 0.01 -0.02 -0.48-0.13j
23000 -163.62 -0.00 0.00 -1.00-0.05j
24000 -162.14 0.01 0.03 -0.92+0.09j
25000 -166.94 0.00 -0.02 -1.16-0.13j
26000 -162.69 0.00 0.00 -0.95-0.08j
27000 -159.62 -0.01 0.01 -0.80-0.03j
28000 -148.86 0.02 0.03 -0.26-0.10j
29000 -142.65 0.00 -0.01 0.05-0.07j
30000 -141.33 -0.01 -0.01 0.12+0.01j
31000 -131.05 -0.02 0.01 0.63-0.11j
32000 -130.36 0.03 0.02 0.67-0.04j
33000 -147.73 -0.02 -0.08 -0.20+0.01j
34000 -143.20 -0.00 0.00 0.02-0.07j
35000 -136.80 -0.02 -0.02 0.34+0.00j
36000 -128.68 0.00 0.01 0.75+0.02j
37000 -130.52 0.00 -0.01 0.66+0.01j
38000 -126.08 0.00 0.01 0.88-0.09j
39000 -129.95 -0.00 -0.03 0.69+0.06j
40000 -160.25 -0.01 -0.02 -0.83+0.10j
41000 -162.68 0.02 0.02 -0.95+0.10j
42000 -198.69 0.02 0.01 -2.75+0.12j
43000 -139.49 0.01 0.01 0.21+0.14j
44000 -125.20 -0.00 0.01 0.92-0.12j
45000 -160.74 -0.06 0.14 -0.85+0.13j
46000 -161.95 0.02 0.02 -0.91+0.09j
47000 -164.87 0.03 0.02 -1.06+0.03j
48000 -168.45 0.00 0.02 -1.24+0.01j
49000 -175.63 -0.01 0.00 -1.60+0.10j
50000 -172.81 -0.02 0.01 -1.46+0.10j
51000 -166.50 -0.00 0.01 -1.14-0.00j
52000 -163.33 -0.03 0.02 -0.98-0.13j
53000 -166.86 -0.01 0.02 -1.16-0.15j
54000 -164.02 -0.03 -0.01 -1.02+0.05j
55000 -161.43 -0.02 0.02 -0.89+0.10j
56000 -163.38 -0.02 0.02 -0.99+0.12j
57000 -165.81 -0.00 0.02 -1.11-0.01j
58000 -166.19 0.01 -0.00 -1.13+0.00j
59000 -164.80 0.02 -0.02 -1.06-0.02j
60000 -166.60 -0.01 -0.01 -1.15-0.14j
61000 -162.99 -0.02 -0.01 -0.97-0.00j
62000 -166.80 -0.01 0.00 -1.16+0.13j
63000 -151.88 -0.02 0.00 -0.41-0.11j
64000 -132.09 -0.07 0.03 0.58+0.12j
65000 -160.02 -0.01 0.01 -0.82+0.09j
66000 -162.72 0.02 0.02 -0.95+0.09j
67000 -156.02 -0.02 -0.00 -0.62+0.10j
68000 -158.31 -0.01 -0.01 -0.73+0.03j
69000 -157.68 0.01 0.01 -0.70-0.04j
70000 -161.02 -0.01 -0.01 -0.87-0.09j
71000 -158.80 -0.01 -0.00 -0.76-0.11j
72000 -162.99 -0.02 0.01 -0.97-0.12j
73000 -166.41 0.02 0.02 -1.14-0.01j
74000 -156.88 -0.01 -0.00 -0.66+0.10j
75000 -162.54 -0.00 -0.01 -0.94+0.08j
76000 -165.91 -0.01 0.01 -1.11+0.05j
77000 -160.95 -0.02 -0.01 -0.86+0.07j
78000 -172.33 -0.01 -0.01 -1.43+0.13j
79000 -171.17 -0.00 0.01 -1.37+0.02j
80000 -171.89 -0.02 -0.00 -1.41+0.10j
81000 -177.92 -0.02 0.01 -1.71+0.05j
82000 -135.93 -0.04 -0.00 0.39-0.02j
83000 -147.14 0.02 -0.00 -0.17+0.04j
84000 -152.44 0.00 -0.01 -0.44-0.06j
85000 -152.54 -0.01 0.00 -0.44-0.02j
86000 -135.82 -0.02 0.05 0.39+0.06j
87000 -164.31 -0.00 0.00 -1.03+0.12j
88000 -169.53 -0.00 0.00 -1.29+0.01j
89000 -173.52 0.01 -0.00 -1.49+0.07j
90000 -184.37 0.00 0.00 -2.03+0.00j
91000 -172.86 0.00 -0.00 -1.46+0.02j
92000 -183.31 -0.00 0.00 -1.98-0.04j
93000 -206.91 -0.00 -0.00 -3.16-0.09j
94000 -183.47 -0.01 0.01 -1.99-0.08j
95000 -167.99 -0.00 0.00 -1.22-0.07j
96000 -155.99 -0.01 -0.01 -0.62+0.14j
97000 -150.28 -0.03 0.02 -0.33-0.03j
98000 -164.50 0.00 -0.00 -1.04+0.02j
99000 -166.84 -0.00 0.00 -1.16-0.01j
100000 -154.77 -0.00 0.00 -0.56-0.00j
101000 -125.49 0.01 0.02 0.91+0.01j
102000 -120.18 -0.00 0.04 1.17+0.03j
103000 -120.65 -0.01 -0.00 1.15-0.04j
104000 -130.13 -0.01 0.04 0.68+0.03j
105000 -122.60 0.01 -0.05 1.05-0.11j
106000 -129.82 0.01 -0.01 0.69+0.00j
107000 -118.25 0.00 0.01 1.27-0.11j
108000 -116.80 0.00 0.01 1.34-0.07j
109000 -141.83 -0.03 -0.00 0.09+0.03j
110000 -152.53 0.01 0.01 -0.44+0.04j
111000 -163.36 -0.01 0.02 -0.98+0.07j
112000 -162.02 -0.02 0.04 -0.92+0.03j
113000 -155.16 0.04 0.00 -0.57+0.04j
114000 -144.94 0.01 0.00 -0.06+0.13j
115000 -131.89 -0.02 0.01 0.59+0.05j
116000 -148.57 -0.00 -0.00 -0.24-0.04j
117000 -154.22 -0.00 0.00 -0.53-0.13j
118000 -214.94 0.00 -0.00 -3.56+0.06j
119000 -207.22 -0.01 0.00 -3.18-0.00j
120000 -156.43 0.02 0.00 -0.64-0.13j
121000 -188.19 -0.01 -0.00 -2.23-0.07j
122000 -165.60 0.00 0.01 -1.10-0.13j
123000 -169.23 0.01 -0.02 -1.28-0.12j
124000 -180.78 0.00 -0.02 -1.86-0.10j
125000 -181.73 0.01 -0.00 -1.90-0.08j
126000 -195.40 0.01 -0.01 -2.59+0.11j
127000 -215.23 0.01 0.01 -3.58+0.06j
128000 -205.08 0.01 0.01 -3.07+0.01j
129000 -178.00 -0.00 -0.00 -1.72+0.14j
130000 -193.75 0.00 -0.00 -2.50-0.16j
131000 -192.54 0.00 0.00 -2.44+0.14j
132000 -195.71 -0.00 -0.00 -2.60-0.07j
133000 -185.61 0.00 0.00 -2.10+0.06j
134000 -177.95 0.00 0.00 -1.71-0.16j
135000 -138.10 0.01 -0.00 0.28+0.01j
136000 -116.88 -0.00 0.01 1.34+0.11j
137000 -110.19 -0.00 0.11 1.67+0.07j
138000 -125.63 -0.00 -0.02 0.90+0.12j
139000 -146.65 0.00 -0.00 -0.15+0.14j
140000 -157.12 0.00 0.00 -0.67+0.12j
141000 -160.56 0.00 0.00 -0.84-0.03j
142000 -171.06 0.00 0.00 -1.37+0.01j
143000 -176.09 -0.00 -0.01 -1.62+0.10j
144000 -178.05 -0.00 0.00 -1.72+0.00j
145000 -183.86 -0.01 -0.01 -2.01-0.15j
146000 -192.87 0.01 0.01 -2.46-0.10j
147000 -187.50 -0.00 0.00 -2.19-0.04j
148000 -190.29 0.00 0.00 -2.33-0.00j
149000 -187.99 -0.01 -0.01 -2.22+0.11j
150000 -191.61 -0.00 -0.00 -2.40+0.11j
151000 -181.93 0.01 0.01 -1.91-0.08j
152000 -192.83 0.01 0.01 -2.46-0.04j
153000 -196.98 -0.00 -0.00 -2.67+0.10j
154000 -205.72 0.00 0.00 -3.10+0.05j
155000 -210.96 0.00 0.00 -3.36+0.07j
156000 -199.82 -0.00 -0.00 -2.81+0.07j
157000 -195.26 0.01 0.01 -2.58+0.05j
158000 -194.48 0.01 0.01 -2.54+0.08j
159000 -192.59 0.00 0.00 -2.45+0.11j
160000 -193.89 0.00 0.00 -2.51-0.03j
161000 -195.82 -0.02 -0.01 -2.61+0.07j
162000 -185.94 0.01 0.01 -2.11-0.07j
163000 -176.49 -0.00 -0.00 -1.64-0.04j
164000 -180.03 -0.01 -0.01 -1.82-0.14j
165000 -176.80 -0.02 -0.01 -1.66-0.11j
166000 -167.70 -0.02 -0.01 -1.20-0.01j
167000 -176.83 -0.00 0.00 -1.66+0.01j
168000 -178.57 -0.02 -0.01 -1.74+0.05j
169000 -177.37 0.01 0.01 -1.69-0.02j
170000 -171.60 -0.00 -0.00 -1.40-0.01j
171000 -169.39 0.02 0.01 -1.29-0.01j
172000 -171.96 0.02 0.01 -1.41-0.06j
173000 -173.88 -0.02 -0.01 -1.51-0.01j
174000 -182.78 -0.00 -0.00 -1.96+0.12j
175000 -181.15 -0.02 -0.01 -1.87-0.14j
176000 -189.31 -0.02 -0.01 -2.28-0.11j
177000 -179.35 -0.01 -0.01 -1.78-0.10j
178000 -180.40 -0.00 -0.00 -1.84+0.09j
179000 -176.09 -0.04 -0.02 -1.62+0.11j
180000 -185.67 0.01 0.01 -2.10-0.07j
181000 -187.15 0.02 0.02 -2.17-0.03j
182000 -189.56 -0.02 -0.01 -2.29+0.06j
183000 -187.41 -0.00 -0.00 -2.19+0.08j
184000 -182.04 0.01 0.01 -1.92-0.07j
185000 -180.64 0.02 0.01 -1.85-0.02j
186000 -184.04 0.02 0.01 -2.02+0.05j
187000 -180.15 0.00 0.00 -1.82-0.04j
188000 -176.78 -0.04 -0.03 -1.66+0.04j
189000 -171.10 0.01 0.01 -1.37-0.08j
190000 -174.11 0.00 0.00 -1.52-0.06j
191000 -177.63 0.02 0.01 -1.70+0.02j
192000 -184.19 0.00 0.00 -2.03+0.07j
193000 -179.42 -0.01 -0.00 -1.79+0.07j
194000 -176.34 0.01 0.00 -1.63-0.10j
195000 -179.19 -0.00 -0.00 -1.78-0.03j
196000 -176.35 -0.01 -0.01 -1.63-0.04j
197000 -171.10 -0.00 -0.00 -1.37+0.15j
198000 -167.54 -0.01 -0.00 -1.19-0.10j
199000 -168.76 -0.01 -0.01 -1.25-0.11j
