# step beta_mu_ex.real beta_mu_ex.imag beta_P.real beta_P.imag rho.real -kTlog(Q)
100 -0.03 -0.00 0.03 -0.01 1.05 0.01-0.00j
200 -0.03 0.00 0.03 -0.01 1.04 0.01+0.00j
300 -0.03 -0.00 0.03 -0.01 1.06 0.01-0.00j
400 -0.03 0.00 0.03 -0.01 1.03 0.01+0.00j
500 -0.03 -0.00 0.03 -0.01 1.02 0.01-0.00j
600 -0.03 0.00 0.03 -0.00 1.02 0.01+0.00j
700 -0.03 0.00 0.03 -0.01 1.04 0.01+0.00j
800 -0.03 -0.00 0.03 -0.01 1.04 0.01-0.00j
900 -0.03 0.00 0.03 -0.00 1.08 0.01+0.00j
1000 -0.03 0.00 0.03 -0.00 1.03 0.01+0.00j
1100 -0.03 0.00 0.03 -0.01 1.04 0.01+0.00j
1200 -0.03 0.00 0.03 -0.00 1.04 0.01+0.00j
1300 -0.03 0.00 0.03 -0.01 1.03 0.01+0.00j
1400 -0.03 0.00 0.03 -0.01 1.05 0.01+0.00j
1500 -0.03 0.00 0.03 -0.01 1.03 0.01+0.00j
1600 -0.03 -0.00 0.03 -0.01 1.04 0.01-0.00j
1700 -0.03 0.00 0.03 -0.01 1.05 0.01+0.00j
1800 -0.03 0.00 0.03 -0.01 1.05 0.01+0.00j
1900 -0.03 -0.00 0.03 -0.01 1.04 0.01-0.00j
2000 -0.03 -0.00 0.03 -0.01 1.04 0.01-0.00j
2100 -0.03 -0.00 0.03 -0.01 1.06 0.01-0.00j
2200 -0.03 0.00 0.03 -0.01 1.05 0.01+0.00j
2300 -0.03 0.00 0.03 -0.01 1.04 0.01+0.00j
2400 -0.03 0.00 0.03 -0.01 1.07 0.01+0.00j
2500 -0.03 -0.00 0.03 -0.01 1.06 0.01-0.00j
2600 -0.03 0.00 0.03 -0.00 1.06 0.01+0.00j
2700 -0.03 0.00 0.03 -0.01 1.04 0.01+0.00j
2800 -0.03 -0.00 0.03 -0.01 1.04 0.01-0.00j
2900 -0.03 0.00 0.03 -0.00 1.04 0.01+0.00j
3000 -0.03 0.00 0.03 -0.01 1.05 0.01+0.00j
3100 -0.03 0.00 0.03 -0.00 1.05 0.01+0.00j
3200 -0.03 -0.00 0.03 -0.01 1.05 0.01-0.00j
3300 -0.03 -0.00 0.03 -0.01 1.07 0.01-0.00j
3400 -0.03 -0.00 0.03 -0.01 1.03 0.01-0.00j
3500 -0.03 0.00 0.03 -0.01 1.05 0.01+0.00j
3600 -0.03 0.00 0.03 -0.00 1.04 0.01+0.00j
3700 -0.03 -0.00 0.03 -0.01 1.04 0.01-0.00j
3800 -0.03 0.00 0.03 -0.00 1.05 0.01+0.00j
3900 -0.03 -0.00 0.03 -0.01 1.06 0.01-0.00j
4000 -0.03 -0.00 0.03 -0.01 1.03 0.01-0.00j
4100 -0.03 0.00 0.03 -0.00 1.05 0.01+0.00j
4200 -0.03 -0.00 0.03 -0.01 1.05 0.01-0.00j
4300 -0.03 -0.00 0.03 -0.01 1.06 0.01-0.00j
4400 -0.03 0.00 0.03 -0.00 1.06 0.01+0.00j
4500 -0.03 0.00 0.03 -0.00 1.06 0.01+0.00j
4600 -0.03 0.00 0.03 -0.01 1.06 0.01+0.00j
4700 -0.03 -0.00 0.03 -0.01 1.07 0.01-0.00j
4800 -0.03 -0.00 0.03 -0.01 1.06 0.01-0.00j
4900 -0.03 -0.00 0.03 -0.01 1.03 0.01-0.00j
5000 -0.03 -0.00 0.03 -0.01 1.04 0.01-0.00j
5100 -0.03 0.00 0.03 -0.00 1.05 0.01+0.00j
5200 -0.03 0.00 0.03 -0.01 1.05 0.01+0.00j
5300 -0.03 0.00 0.03 -0.01 1.03 0.01+0.00j
5400 -0.03 0.00 0.03 -0.01 1.04 0.01+0.00j
5500 -0.03 0.00 0.03 -0.01 1.04 0.01+0.00j
5600 -0.03 -0.00 0.03 -0.01 1.05 0.01-0.00j
5700 -0.03 0.00 0.03 -0.00 1.06 0.01+0.00j
5800 -0.03 -0.00 0.03 -0.01 1.05 0.01-0.00j
5900 -0.03 -0.00 0.03 -0.01 1.03 0.01-0.00j
6000 -0.03 -0.00 0.03 -0.01 1.05 0.01-0.00j
6100 -0.03 0.00 0.03 -0.01 1.03 0.01+0.00j
6200 -0.03 0.00 0.03 -0.01 1.05 0.01+0.00j
6300 -0.03 -0.00 0.03 -0.01 1.03 0.01-0.00j
6400 -0.03 0.00 0.03 -0.01 1.05 0.01+0.00j
6500 -0.03 -0.00 0.03 -0.00 1.07 0.01-0.00j
6600 -0.03 -0.00 0.03 -0.01 1.04 0.01-0.00j
6700 -0.03 -0.00 0.03 -0.01 1.04 0.01-0.00j
6800 -0.03 0.00 0.03 -0.01 1.04 0.01+0.00j
6900 -0.03 -0.00 0.03 -0.01 1.05 0.01-0.00j
7000 -0.03 0.00 0.03 -0.00 1.01 0.01+0.00j
7100 -0.03 -0.00 0.03 -0.01 1.06 0.01-0.00j
7200 -0.03 -0.00 0.03 -0.01 1.01 0.01-0.00j
7300 -0.03 -0.00 0.03 -0.01 1.03 0.01-0.00j
7400 -0.03 -0.00 0.03 -0.01 1.05 0.01-0.00j
7500 -0.03 -0.00 0.03 -0.01 1.06 0.01-0.00j
7600 -0.03 0.00 0.03 -0.01 1.04 0.01+0.00j
7700 -0.03 -0.00 0.03 -0.01 1.04 0.01-0.00j
7800 -0.03 -0.00 0.03 -0.00 1.06 0.01-0.00j
7900 -0.03 -0.00 0.03 -0.01 1.04 0.01-0.00j
8000 -0.03 0.00 0.03 -0.00 1.02 0.01+0.00j
8100 -0.03 -0.00 0.03 -0.01 1.05 0.01-0.00j
8200 -0.03 -0.00 0.03 -0.01 1.05 0.01-0.00j
8300 -0.03 -0.00 0.03 -0.01 1.03 0.01-0.00j
8400 -0.03 0.00 0.03 -0.01 1.03 0.01+0.00j
8500 -0.03 -0.00 0.03 -0.01 1.04 0.01-0.00j
8600 -0.03 -0.00 0.03 -0.01 1.05 0.01-0.00j
8700 -0.03 -0.00 0.03 -0.01 1.03 0.01-0.00j
8800 -0.03 -0.00 0.03 -0.01 1.03 0.01-0.00j
8900 -0.03 0.00 0.03 -0.01 1.02 0.01+0.00j
9000 -0.03 -0.00 0.03 -0.01 1.05 0.01-0.00j
9100 -0.03 -0.00 0.03 -0.01 1.04 0.01-0.00j
9200 -0.03 0.00 0.03 -0.00 1.06 0.01+0.00j
9300 -0.03 0.00 0.03 -0.01 1.04 0.01+0.00j
9400 -0.03 0.00 0.03 -0.00 1.07 0.01+0.00j
9500 -0.03 -0.00 0.03 -0.01 1.05 0.01-0.00j
9600 -0.03 0.00 0.03 -0.01 1.03 0.01+0.00j
9700 -0.03 0.00 0.03 -0.00 1.04 0.01+0.00j
9800 -0.03 0.00 0.03 -0.01 1.05 0.01+0.00j
9900 -0.03 0.00 0.03 -0.01 1.05 0.01+0.00j
10000 -0.03 0.00 0.03 -0.01 1.06 0.01+0.00j
10100 -0.03 0.00 0.03 -0.01 1.04 0.01+0.00j
10200 -0.03 -0.00 0.03 -0.01 1.06 0.01-0.00j
10300 -0.03 -0.00 0.03 -0.01 1.06 0.01-0.00j
10400 -0.03 -0.00 0.03 -0.01 1.05 0.01-0.00j
10500 -0.03 -0.00 0.03 -0.01 1.04 0.01-0.00j
10600 -0.03 -0.00 0.03 -0.01 1.04 0.01-0.00j
10700 -0.03 -0.00 0.03 -0.01 1.06 0.01-0.00j
10800 -0.03 0.00 0.03 -0.01 1.04 0.01+0.00j
10900 -0.03 -0.00 0.03 -0.01 1.05 0.01-0.00j
11000 -0.03 -0.00 0.03 -0.01 1.02 0.01-0.00j
11100 -0.03 0.00 0.03 -0.00 1.04 0.01+0.00j
11200 -0.03 0.00 0.03 -0.01 1.04 0.01+0.00j
11300 -0.03 -0.00 0.03 -0.01 1.06 0.01-0.00j
11400 -0.03 0.00 0.03 -0.01 1.03 0.01+0.00j
11500 -0.03 -0.00 0.03 -0.01 1.06 0.01-0.00j
11600 -0.03 0.00 0.03 -0.01 1.06 0.01+0.00j
11700 -0.03 0.00 0.03 -0.01 1.04 0.01+0.00j
11800 -0.03 -0.00 0.03 -0.01 1.04 0.01-0.00j
11900 -0.03 0.00 0.03 -0.01 1.06 0.01+0.00j
12000 -0.03 -0.00 0.03 -0.01 1.06 0.01-0.00j
12100 -0.03 0.00 0.03 -0.00 1.06 0.01+0.00j
12200 -0.03 0.00 0.03 -0.00 1.06 0.01+0.00j
12300 -0.03 -0.00 0.03 -0.01 1.04 0.01-0.00j
12400 -0.03 0.00 0.03 -0.01 1.02 0.01+0.00j
12500 -0.03 0.00 0.03 -0.01 1.04 0.01+0.00j
12600 -0.03 0.00 0.03 -0.01 1.04 0.01+0.00j
12700 -0.03 -0.00 0.03 -0.01 1.04 0.01-0.00j
12800 -0.03 -0.00 0.03 -0.01 1.04 0.01-0.00j
12900 -0.03 0.00 0.03 -0.00 1.03 0.01+0.00j
13000 -0.03 -0.00 0.03 -0.01 1.05 0.01-0.00j
13100 -0.03 -0.00 0.03 -0.00 1.07 0.01-0.00j
13200 -0.03 -0.00 0.03 -0.01 1.03 0.01-0.00j
13300 -0.03 -0.00 0.03 -0.01 1.03 0.01-0.00j
13400 -0.03 0.00 0.03 -0.00 1.05 0.01+0.00j
13500 -0.03 -0.00 0.03 -0.01 1.05 0.01-0.00j
13600 -0.03 -0.00 0.03 -0.01 1.03 0.01-0.00j
13700 -0.03 -0.00 0.03 -0.01 1.04 0.01-0.00j
13800 -0.03 0.00 0.03 -0.01 1.02 0.01+0.00j
13900 -0.03 0.00 0.03 -0.01 1.06 0.01+0.00j
14000 -0.03 -0.00 0.03 -0.01 1.03 0.01-0.00j
14100 -0.03 -0.00 0.03 -0.01 1.03 0.01-0.00j
14200 -0.03 0.00 0.03 -0.00 1.05 0.01+0.00j
14300 -0.03 0.00 0.03 -0.00 1.06 0.01+0.00j
14400 -0.03 0.00 0.03 -0.00 1.05 0.01+0.00j
14500 -0.03 -0.00 0.03 -0.01 1.05 0.01-0.00j
14600 -0.03 0.00 0.03 -0.00 1.06 0.01+0.00j
14700 -0.03 -0.00 0.03 -0.01 1.04 0.01-0.00j
14800 -0.03 -0.00 0.03 -0.01 1.07 0.01-0.00j
14900 -0.03 -0.00 0.03 -0.01 1.05 0.01-0.00j
15000 -0.03 0.00 0.03 -0.00 1.05 0.01+0.00j
15100 -0.03 -0.00 0.03 -0.01 1.04 0.01-0.00j
15200 -0.03 -0.00 0.03 -0.01 1.07 0.01-0.00j
15300 -0.03 0.00 0.03 -0.01 1.04 0.01+0.00j
15400 -0.03 -0.00 0.03 -0.01 1.03 0.01-0.00j
15500 -0.03 -0.00 0.03 -0.01 1.06 0.01-0.00j
15600 -0.03 -0.00 0.03 -0.01 1.05 0.01-0.00j
15700 -0.03 0.00 0.03 -0.01 1.04 0.01+0.00j
15800 -0.03 0.00 0.03 -0.01 1.05 0.01+0.00j
15900 -0.03 -0.00 0.03 -0.01 1.03 0.01-0.00j
16000 -0.03 0.00 0.03 -0.01 1.06 0.01+0.00j
16100 -0.03 0.00 0.03 -0.00 1.06 0.01+0.00j
16200 -0.03 0.00 0.03 -0.00 1.06 0.01+0.00j
16300 -0.03 0.00 0.03 -0.00 1.04 0.01+0.00j
16400 -0.03 -0.00 0.03 -0.01 1.06 0.01-0.00j
16500 -0.03 0.00 0.03 -0.01 1.03 0.01+0.00j
16600 -0.03 -0.00 0.03 -0.01 1.06 0.01-0.00j
16700 -0.03 -0.00 0.03 -0.01 1.06 0.01-0.00j
16800 -0.03 -0.00 0.03 -0.01 1.02 0.01-0.00j
16900 -0.03 -0.00 0.03 -0.01 1.03 0.01-0.00j
17000 -0.03 -0.00 0.03 -0.01 1.07 0.01-0.00j
17100 -0.03 0.00 0.03 -0.01 1.05 0.01+0.00j
17200 -0.03 0.00 0.03 -0.00 1.05 0.01+0.00j
17300 -0.03 -0.00 0.03 -0.00 1.07 0.01-0.00j
17400 -0.03 -0.00 0.03 -0.01 1.05 0.01-0.00j
17500 -0.03 -0.00 0.03 -0.00 1.06 0.01-0.00j
17600 -0.03 -0.00 0.03 -0.01 1.07 0.01-0.00j
17700 -0.03 -0.00 0.03 -0.00 1.07 0.01-0.00j
17800 -0.03 0.00 0.03 -0.01 1.05 0.01+0.00j
17900 -0.03 -0.00 0.03 -0.01 1.06 0.01-0.00j
18000 -0.03 0.00 0.03 -0.01 1.04 0.01+0.00j
18100 -0.03 0.00 0.03 -0.01 1.04 0.01+0.00j
18200 -0.03 0.00 0.03 -0.00 1.06 0.01+0.00j
18300 -0.03 -0.00 0.03 -0.00 1.06 0.01-0.00j
18400 -0.03 0.00 0.03 -0.00 1.06 0.01+0.00j
18500 -0.03 -0.00 0.03 -0.01 1.05 0.01-0.00j
18600 -0.03 0.00 0.03 -0.00 1.07 0.01+0.00j
18700 -0.03 0.00 0.03 -0.01 1.04 0.01+0.00j
18800 -0.03 0.00 0.03 -0.01 1.05 0.01+0.00j
18900 -0.03 0.00 0.03 -0.01 1.06 0.01+0.00j
19000 -0.03 -0.00 0.03 -0.01 1.04 0.01-0.00j
19100 -0.03 0.00 0.03 -0.01 1.03 0.01+0.00j
19200 -0.03 -0.00 0.03 -0.01 1.05 0.01-0.00j
19300 -0.03 -0.00 0.03 -0.01 1.04 0.01-0.00j
19400 -0.03 0.00 0.03 -0.01 1.03 0.01+0.00j
19500 -0.03 0.00 0.03 -0.01 1.03 0.01+0.00j
19600 -0.03 0.00 0.03 -0.00 1.05 0.01+0.00j
19700 -0.03 0.00 0.03 -0.00 1.04 0.01+0.00j
19800 -0.03 0.00 0.03 -0.01 1.05 0.01+0.00j
19900 -0.03 -0.00 0.03 -0.01 1.04 0.01-0.00j
20000 -0.03 -0.00 0.03 -0.01 1.06 0.01-0.00j
20100 -0.03 0.00 0.03 -0.00 1.08 0.01+0.00j
20200 -0.03 -0.00 0.03 -0.01 1.05 0.01-0.00j
20300 -0.03 0.00 0.03 -0.01 1.01 0.01+0.00j
20400 -0.03 -0.00 0.03 -0.01 1.04 0.01-0.00j
20500 -0.03 -0.00 0.03 -0.01 1.06 0.01-0.00j
20600 -0.03 0.00 0.03 -0.01 1.04 0.01+0.00j
20700 -0.03 -0.00 0.03 -0.01 1.04 0.01-0.00j
20800 -0.03 0.00 0.03 -0.00 1.06 0.01+0.00j
20900 -0.03 -0.00 0.03 -0.01 1.07 0.01-0.00j
21000 -0.03 0.00 0.03 -0.01 1.05 0.01+0.00j
21100 -0.03 0.00 0.03 -0.01 1.06 0.01+0.00j
21200 -0.03 0.00 0.03 -0.01 1.03 0.01+0.00j
21300 -0.03 0.00 0.03 -0.01 1.04 0.01+0.00j
21400 -0.03 -0.00 0.03 -0.01 1.05 0.01-0.00j
21500 -0.03 0.00 0.03 -0.01 1.06 0.01+0.00j
21600 -0.03 0.00 0.03 -0.01 1.04 0.01+0.00j
21700 -0.03 0.00 0.03 -0.00 1.06 0.01+0.00j
21800 -0.03 0.00 0.03 -0.01 1.03 0.01+0.00j
21900 -0.03 -0.00 0.03 -0.01 1.05 0.01-0.00j
22000 -0.03 -0.00 0.03 -0.01 1.05 0.01-0.00j
22100 -0.03 -0.00 0.03 -0.01 1.04 0.01-0.00j
22200 -0.03 -0.00 0.03 -0.01 1.05 0.01-0.00j
22300 -0.03 0.00 0.03 -0.00 1.05 0.01+0.00j
22400 -0.03 -0.00 0.03 -0.01 1.07 0.01-0.00j
22500 -0.03 -0.00 0.03 -0.01 1.05 0.01-0.00j
22600 -0.03 -0.00 0.03 -0.01 1.06 0.01-0.00j
22700 -0.03 -0.00 0.03 -0.00 1.07 0.01-0.00j
22800 -0.03 -0.00 0.03 -0.01 1.04 0.01-0.00j
22900 -0.03 0.00 0.03 -0.01 1.04 0.01+0.00j
23000 -0.03 0.00 0.03 -0.01 1.04 0.01+0.00j
23100 -0.03 0.00 0.03 -0.01 1.05 0.01+0.00j
23200 -0.03 0.00 0.03 -0.01 1.06 0.01+0.00j
23300 -0.03 -0.00 0.03 -0.00 1.05 0.01-0.00j
23400 -0.03 -0.00 0.03 -0.01 1.04 0.01-0.00j
23500 -0.03 0.00 0.03 -0.01 1.04 0.01+0.00j
23600 -0.03 0.00 0.03 -0.01 1.04 0.01+0.00j
23700 -0.03 -0.00 0.03 -0.01 1.04 0.01-0.00j
23800 -0.03 0.00 0.03 -0.01 1.03 0.01+0.00j
23900 -0.03 -0.00 0.03 -0.01 1.05 0.01-0.00j
24000 -0.03 0.00 0.03 -0.01 1.02 0.01+0.00j
24100 -0.03 -0.00 0.03 -0.01 1.05 0.01-0.00j
24200 -0.03 0.00 0.03 -0.01 1.01 0.01+0.00j
24300 -0.03 -0.00 0.03 -0.01 1.05 0.01-0.00j
24400 -0.03 0.00 0.03 -0.01 1.04 0.01+0.00j
24500 -0.03 0.00 0.03 -0.01 1.05 0.01+0.00j
24600 -0.03 -0.00 0.03 -0.01 1.05 0.01-0.00j
24700 -0.03 0.00 0.03 -0.01 1.05 0.01+0.00j
24800 -0.03 0.00 0.03 -0.01 1.05 0.01+0.00j
24900 -0.03 -0.00 0.03 -0.01 1.04 0.01-0.00j
25000 -0.03 0.00 0.03 -0.00 1.05 0.01+0.00j
25100 -0.03 -0.00 0.03 -0.01 1.04 0.01-0.00j
25200 -0.03 -0.00 0.03 -0.01 1.05 0.01-0.00j
25300 -0.03 0.00 0.03 -0.01 1.03 0.01+0.00j
25400 -0.03 0.00 0.03 -0.01 1.04 0.01+0.00j
25500 -0.03 0.00 0.03 -0.01 1.02 0.01+0.00j
25600 -0.03 0.00 0.03 -0.00 1.05 0.01+0.00j
25700 -0.03 0.00 0.03 -0.01 1.02 0.01+0.00j
25800 -0.03 0.00 0.03 -0.00 1.06 0.01+0.00j
25900 -0.03 0.00 0.03 -0.00 1.06 0.01+0.00j
26000 -0.03 -0.00 0.03 -0.01 1.05 0.01-0.00j
26100 -0.03 0.00 0.03 -0.01 1.06 0.01+0.00j
26200 -0.03 -0.00 0.03 -0.01 1.03 0.01-0.00j
26300 -0.03 -0.00 0.03 -0.01 1.05 0.01-0.00j
26400 -0.03 0.00 0.03 -0.00 1.05 0.01+0.00j
26500 -0.03 0.00 0.03 -0.01 1.05 0.01+0.00j
26600 -0.03 0.00 0.03 -0.00 1.04 0.01+0.00j
26700 -0.03 0.00 0.03 -0.01 1.02 0.01+0.00j
26800 -0.03 -0.00 0.03 -0.01 1.05 0.01-0.00j
26900 -0.03 -0.00 0.03 -0.01 1.01 0.01-0.00j
27000 -0.03 0.00 0.03 -0.00 1.05 0.01+0.00j
27100 -0.03 -0.00 0.03 -0.01 1.04 0.01-0.00j
27200 -0.03 0.00 0.03 -0.00 1.05 0.01+0.00j
27300 -0.03 0.00 0.03 -0.01 1.02 0.01+0.00j
27400 -0.03 0.00 0.03 -0.01 1.03 0.01+0.00j
27500 -0.03 -0.00 0.03 -0.01 1.05 0.01-0.00j
27600 -0.03 0.00 0.03 -0.01 1.04 0.01+0.00j
27700 -0.03 -0.00 0.03 -0.00 1.06 0.01-0.00j
27800 -0.03 -0.00 0.03 -0.01 1.06 0.01-0.00j
27900 -0.03 0.00 0.03 -0.00 1.06 0.01+0.00j
28000 -0.03 0.00 0.03 -0.01 1.04 0.01+0.00j
28100 -0.03 0.00 0.03 -0.00 1.07 0.01+0.00j
28200 -0.03 0.00 0.03 -0.01 1.05 0.01+0.00j
28300 -0.03 -0.00 0.03 -0.01 1.05 0.01-0.00j
28400 -0.03 0.00 0.03 -0.01 1.05 0.01+0.00j
28500 -0.03 -0.00 0.03 -0.01 1.04 0.01-0.00j
28600 -0.03 -0.00 0.03 -0.01 1.04 0.01-0.00j
28700 -0.03 -0.00 0.03 -0.01 1.04 0.01-0.00j
28800 -0.03 0.00 0.03 -0.01 1.02 0.01+0.00j
28900 -0.03 0.00 0.03 -0.00 1.04 0.01+0.00j
29000 -0.03 0.00 0.03 -0.00 1.05 0.01+0.00j
29100 -0.03 0.00 0.03 -0.00 1.05 0.01+0.00j
29200 -0.03 -0.00 0.03 -0.01 1.05 0.01-0.00j
29300 -0.03 -0.00 0.03 -0.01 1.03 0.01-0.00j
29400 -0.03 0.00 0.03 -0.00 1.08 0.01+0.00j
29500 -0.03 0.00 0.03 -0.01 1.05 0.01+0.00j
29600 -0.03 -0.00 0.03 -0.01 1.05 0.01-0.00j
29700 -0.03 0.00 0.03 -0.01 1.06 0.01+0.00j
29800 -0.03 -0.00 0.03 -0.01 1.03 0.01-0.00j
29900 -0.03 0.00 0.03 -0.01 1.04 0.01+0.00j
30000 -0.03 -0.00 0.03 -0.01 1.04 0.01-0.00j
30100 -0.03 -0.00 0.03 -0.00 1.05 0.01-0.00j
30200 -0.03 0.00 0.03 -0.00 1.04 0.01+0.00j
30300 -0.03 0.00 0.03 -0.00 1.04 0.01+0.00j
30400 -0.03 0.00 0.03 -0.01 1.04 0.01+0.00j
30500 -0.03 0.00 0.03 -0.00 1.05 0.01+0.00j
30600 -0.03 -0.00 0.03 -0.01 1.04 0.01-0.00j
30700 -0.03 -0.00 0.03 -0.01 1.04 0.01-0.00j
30800 -0.03 0.00 0.03 -0.00 1.05 0.01+0.00j
30900 -0.03 -0.00 0.03 -0.01 1.05 0.01-0.00j
31000 -0.03 -0.00 0.03 -0.01 1.05 0.01-0.00j
31100 -0.03 0.00 0.03 -0.00 1.06 0.01+0.00j
31200 -0.03 0.00 0.03 -0.01 1.02 0.01+0.00j
31300 -0.03 0.00 0.03 -0.01 1.04 0.01+0.00j
31400 -0.03 0.00 0.03 -0.00 1.05 0.01+0.00j
31500 -0.03 -0.00 0.03 -0.01 1.04 0.01-0.00j
31600 -0.03 0.00 0.03 -0.00 1.05 0.01+0.00j
31700 -0.03 -0.00 0.03 -0.01 1.06 0.01-0.00j
31800 -0.03 0.00 0.03 -0.01 1.03 0.01+0.00j
31900 -0.03 -0.00 0.03 -0.01 1.05 0.01-0.00j
32000 -0.03 0.00 0.03 -0.01 1.03 0.01+0.00j
32100 -0.03 0.00 0.03 -0.01 1.05 0.01+0.00j
32200 -0.03 0.00 0.03 -0.00 1.06 0.01+0.00j
32300 -0.03 -0.00 0.03 -0.00 1.06 0.01-0.00j
32400 -0.03 0.00 0.03 -0.01 1.02 0.01+0.00j
32500 -0.03 0.00 0.03 -0.01 1.02 0.01+0.00j
32600 -0.03 -0.00 0.03 -0.01 1.03 0.01-0.00j
32700 -0.03 -0.00 0.03 -0.01 1.04 0.01-0.00j
32800 -0.03 0.00 0.03 -0.01 1.05 0.01+0.00j
32900 -0.03 0.00 0.03 -0.01 1.05 0.01+0.00j
33000 -0.03 0.00 0.03 -0.01 1.04 0.01+0.00j
33100 -0.03 0.00 0.03 -0.00 1.07 0.01+0.00j
33200 -0.03 0.00 0.03 -0.00 1.06 0.01+0.00j
33300 -0.03 0.00 0.03 -0.00 1.04 0.01+0.00j
33400 -0.03 0.00 0.03 -0.01 1.04 0.01+0.00j
33500 -0.03 -0.00 0.03 -0.01 1.04 0.01-0.00j
33600 -0.03 0.00 0.03 -0.01 1.03 0.01+0.00j
33700 -0.03 0.00 0.03 -0.00 1.04 0.01+0.00j
33800 -0.03 -0.00 0.03 -0.01 1.04 0.01-0.00j
33900 -0.03 -0.00 0.03 -0.01 1.03 0.01-0.00j
34000 -0.03 0.00 0.03 -0.00 1.05 0.01+0.00j
34100 -0.03 0.00 0.03 -0.01 1.04 0.01+0.00j
34200 -0.03 -0.00 0.03 -0.01 1.05 0.01-0.00j
34300 -0.03 0.00 0.03 -0.01 1.05 0.01+0.00j
34400 -0.03 -0.00 0.03 -0.00 1.06 0.01-0.00j
34500 -0.03 -0.00 0.03 -0.01 1.05 0.01-0.00j
34600 -0.03 -0.00 0.03 -0.01 1.04 0.01-0.00j
34700 -0.03 -0.00 0.03 -0.01 1.04 0.01-0.00j
34800 -0.03 0.00 0.03 -0.01 1.05 0.01+0.00j
34900 -0.03 -0.00 0.03 -0.01 1.05 0.01-0.00j
35000 -0.03 -0.00 0.03 -0.01 1.06 0.01-0.00j
35100 -0.03 -0.00 0.03 -0.01 1.02 0.01-0.00j
35200 -0.03 0.00 0.03 -0.01 1.02 0.01+0.00j
35300 -0.03 -0.00 0.03 -0.01 1.02 0.01-0.00j
35400 -0.03 0.00 0.03 -0.01 1.05 0.01+0.00j
35500 -0.03 0.00 0.03 -0.00 1.03 0.01+0.00j
35600 -0.03 -0.00 0.03 -0.01 1.06 0.01-0.00j
35700 -0.03 0.00 0.03 -0.01 1.04 0.01+0.00j
35800 -0.03 0.00 0.03 -0.00 1.08 0.01+0.00j
35900 -0.03 -0.00 0.03 -0.01 1.06 0.01-0.00j
36000 -0.03 -0.00 0.03 -0.01 1.05 0.01-0.00j
36100 -0.03 -0.00 0.03 -0.01 1.03 0.01-0.00j
36200 -0.03 -0.00 0.03 -0.01 1.06 0.01-0.00j
36300 -0.03 -0.00 0.03 -0.01 1.07 0.01-0.00j
36400 -0.03 -0.00 0.03 -0.00 1.05 0.01-0.00j
36500 -0.03 0.00 0.03 -0.01 1.05 0.01+0.00j
36600 -0.03 -0.00 0.03 -0.01 1.05 0.01-0.00j
36700 -0.03 -0.00 0.03 -0.01 1.04 0.01-0.00j
36800 -0.03 0.00 0.03 -0.00 1.05 0.01+0.00j
36900 -0.03 0.00 0.03 -0.01 1.04 0.01+0.00j
37000 -0.03 -0.00 0.03 -0.01 1.04 0.01-0.00j
37100 -0.03 0.00 0.03 -0.01 1.03 0.01+0.00j
37200 -0.03 0.00 0.03 -0.00 1.06 0.01+0.00j
37300 -0.03 -0.00 0.03 -0.01 1.05 0.01-0.00j
37400 -0.03 0.00 0.03 -0.00 1.05 0.01+0.00j
37500 -0.03 -0.00 0.03 -0.01 1.05 0.01-0.00j
37600 -0.03 -0.00 0.03 -0.01 1.04 0.01-0.00j
37700 -0.03 0.00 0.03 -0.01 1.03 0.01+0.00j
37800 -0.03 -0.00 0.03 -0.01 1.07 0.01-0.00j
37900 -0.03 0.00 0.03 -0.01 1.04 0.01+0.00j
38000 -0.03 0.00 0.03 -0.01 1.05 0.01+0.00j
38100 -0.03 0.00 0.03 -0.00 1.06 0.01+0.00j
38200 -0.03 0.00 0.03 -0.00 1.06 0.01+0.00j
38300 -0.03 0.00 0.03 -0.00 1.07 0.01+0.00j
38400 -0.03 0.00 0.03 -0.01 1.04 0.01+0.00j
38500 -0.03 -0.00 0.03 -0.00 1.08 0.01-0.00j
38600 -0.03 0.00 0.03 -0.00 1.06 0.01+0.00j
38700 -0.03 0.00 0.03 -0.00 1.04 0.01+0.00j
38800 -0.03 -0.00 0.03 -0.01 1.04 0.01-0.00j
38900 -0.03 -0.00 0.03 -0.01 1.04 0.01-0.00j
39000 -0.03 0.00 0.03 -0.01 1.05 0.01+0.00j
39100 -0.03 -0.00 0.03 -0.01 1.04 0.01-0.00j
39200 -0.03 -0.00 0.03 -0.00 1.07 0.01-0.00j
39300 -0.03 0.00 0.03 -0.01 1.03 0.01+0.00j
39400 -0.03 0.00 0.03 -0.00 1.07 0.01+0.00j
39500 -0.03 -0.00 0.03 -0.01 1.03 0.01-0.00j
39600 -0.03 0.00 0.03 -0.00 1.03 0.01+0.00j
39700 -0.03 -0.00 0.03 -0.00 1.06 0.01-0.00j
39800 -0.03 -0.00 0.03 -0.01 1.06 0.01-0.00j
39900 -0.03 0.00 0.03 -0.00 1.05 0.01+0.00j
40000 -0.03 -0.00 0.03 -0.01 1.04 0.01-0.00j
40100 -0.03 0.00 0.03 -0.00 1.06 0.01+0.00j
40200 -0.03 0.00 0.03 -0.01 1.04 0.01+0.00j
40300 -0.03 0.00 0.03 -0.01 1.03 0.01+0.00j
40400 -0.03 -0.00 0.03 -0.01 1.06 0.01-0.00j
40500 -0.03 0.00 0.03 -0.00 1.07 0.01+0.00j
40600 -0.03 0.00 0.03 -0.00 1.05 0.01+0.00j
40700 -0.03 0.00 0.03 -0.01 1.04 0.01+0.00j
40800 -0.03 0.00 0.03 -0.01 1.05 0.01+0.00j
40900 -0.03 0.00 0.03 -0.00 1.05 0.01+0.00j
41000 -0.03 0.00 0.03 -0.00 1.06 0.01+0.00j
41100 -0.03 -0.00 0.03 -0.01 1.06 0.01-0.00j
41200 -0.03 -0.00 0.03 -0.01 1.03 0.01-0.00j
41300 -0.03 0.00 0.03 -0.01 1.02 0.01+0.00j
41400 -0.03 -0.00 0.03 -0.01 1.06 0.01-0.00j
41500 -0.03 0.00 0.03 -0.01 1.06 0.01+0.00j
41600 -0.03 -0.00 0.03 -0.01 1.04 0.01-0.00j
41700 -0.03 0.00 0.03 -0.00 1.05 0.01+0.00j
41800 -0.03 0.00 0.03 -0.01 1.04 0.01+0.00j
41900 -0.03 0.00 0.03 -0.00 1.04 0.01+0.00j
42000 -0.03 0.00 0.03 -0.01 1.03 0.01+0.00j
42100 -0.03 -0.00 0.03 -0.01 1.05 0.01-0.00j
42200 -0.03 -0.00 0.03 -0.01 1.02 0.01-0.00j
42300 -0.03 -0.00 0.03 -0.01 1.04 0.01-0.00j
42400 -0.03 -0.00 0.03 -0.01 1.03 0.01-0.00j
42500 -0.03 0.00 0.03 -0.01 1.04 0.01+0.00j
42600 -0.03 -0.00 0.03 -0.01 1.04 0.01-0.00j
42700 -0.03 0.00 0.03 -0.00 1.07 0.01+0.00j
42800 -0.03 0.00 0.03 -0.01 1.04 0.01+0.00j
42900 -0.03 0.00 0.03 -0.00 1.06 0.01+0.00j
43000 -0.03 -0.00 0.03 -0.01 1.06 0.01-0.00j
43100 -0.03 -0.00 0.03 -0.01 1.04 0.01-0.00j
43200 -0.03 -0.00 0.03 -0.01 1.04 0.01-0.00j
43300 -0.03 0.00 0.03 -0.00 1.04 0.01+0.00j
43400 -0.03 -0.00 0.03 -0.01 1.06 0.01-0.00j
43500 -0.03 0.00 0.03 -0.00 1.06 0.01+0.00j
43600 -0.03 0.00 0.03 -0.01 1.03 0.01+0.00j
43700 -0.03 0.00 0.03 -0.01 1.06 0.01+0.00j
43800 -0.03 0.00 0.03 -0.00 1.05 0.01+0.00j
43900 -0.03 0.00 0.03 -0.01 1.05 0.01+0.00j
44000 -0.03 -0.00 0.03 -0.01 1.03 0.01-0.00j
44100 -0.03 -0.00 0.03 -0.01 1.05 0.01-0.00j
44200 -0.03 -0.00 0.03 -0.01 1.04 0.01-0.00j
44300 -0.03 0.00 0.03 -0.00 1.04 0.01+0.00j
44400 -0.03 0.00 0.03 -0.00 1.05 0.01+0.00j
44500 -0.03 0.00 0.03 -0.00 1.05 0.01+0.00j
44600 -0.03 -0.00 0.03 -0.01 1.06 0.01-0.00j
44700 -0.03 -0.00 0.03 -0.01 1.05 0.01-0.00j
44800 -0.03 0.00 0.03 -0.00 1.03 0.01+0.00j
44900 -0.03 0.00 0.03 -0.01 1.04 0.01+0.00j
45000 -0.03 0.00 0.03 -0.01 1.05 0.01+0.00j
45100 -0.03 0.00 0.03 -0.01 1.03 0.01+0.00j
45200 -0.03 0.00 0.03 -0.01 1.06 0.01+0.00j
45300 -0.03 -0.00 0.03 -0.01 1.04 0.01-0.00j
45400 -0.03 0.00 0.03 -0.01 1.05 0.01+0.00j
45500 -0.03 0.00 0.03 -0.01 1.05 0.01+0.00j
45600 -0.03 0.00 0.03 -0.01 1.04 0.01+0.00j
45700 -0.03 -0.00 0.03 -0.01 1.05 0.01-0.00j
45800 -0.03 -0.00 0.03 -0.01 1.02 0.01-0.00j
45900 -0.03 0.00 0.03 -0.01 1.05 0.01+0.00j
46000 -0.03 -0.00 0.03 -0.01 1.04 0.01-0.00j
46100 -0.03 -0.00 0.03 -0.00 1.05 0.01-0.00j
46200 -0.03 -0.00 0.03 -0.01 1.05 0.01-0.00j
46300 -0.03 -0.00 0.03 -0.00 1.07 0.01-0.00j
46400 -0.03 -0.00 0.03 -0.01 1.05 0.01-0.00j
46500 -0.03 0.00 0.03 -0.01 1.06 0.01+0.00j
46600 -0.03 -0.00 0.03 -0.01 1.04 0.01-0.00j
46700 -0.03 0.00 0.03 -0.00 1.07 0.01+0.00j
46800 -0.03 0.00 0.03 -0.00 1.03 0.01+0.00j
46900 -0.03 -0.00 0.03 -0.01 1.05 0.01-0.00j
47000 -0.03 0.00 0.03 -0.00 1.05 0.01+0.00j
47100 -0.03 0.00 0.03 -0.00 1.05 0.01+0.00j
47200 -0.03 -0.00 0.03 -0.01 1.03 0.01-0.00j
47300 -0.03 -0.00 0.03 -0.01 1.04 0.01-0.00j
47400 -0.03 -0.00 0.03 -0.01 1.05 0.01-0.00j
47500 -0.03 0.00 0.03 -0.00 1.06 0.01+0.00j
47600 -0.03 0.00 0.03 -0.01 1.05 0.01+0.00j
47700 -0.03 0.00 0.03 -0.00 1.05 0.01+0.00j
47800 -0.03 -0.00 0.03 -0.01 1.07 0.01-0.00j
47900 -0.03 -0.00 0.03 -0.00 1.06 0.01-0.00j
48000 -0.03 0.00 0.03 -0.00 1.05 0.01+0.00j
48100 -0.03 0.00 0.03 -0.01 1.04 0.01+0.00j
48200 -0.03 -0.00 0.03 -0.01 1.02 0.01-0.00j
48300 -0.03 -0.00 0.03 -0.01 1.04 0.01-0.00j
48400 -0.03 -0.00 0.03 -0.01 1.07 0.01-0.00j
48500 -0.03 -0.00 0.03 -0.01 1.05 0.01-0.00j
48600 -0.03 0.00 0.03 -0.00 1.05 0.01+0.00j
48700 -0.03 0.00 0.03 -0.01 1.04 0.01+0.00j
48800 -0.03 0.00 0.03 -0.01 1.03 0.01+0.00j
48900 -0.03 0.00 0.03 -0.01 1.06 0.01+0.00j
49000 -0.03 -0.00 0.03 -0.01 1.05 0.01-0.00j
49100 -0.03 0.00 0.03 -0.01 1.05 0.01+0.00j
49200 -0.03 0.00 0.03 -0.01 1.04 0.01+0.00j
49300 -0.03 -0.00 0.03 -0.01 1.06 0.01-0.00j
49400 -0.03 0.00 0.03 -0.00 1.06 0.01+0.00j
49500 -0.03 -0.00 0.03 -0.01 1.06 0.01-0.00j
49600 -0.03 -0.00 0.03 -0.01 1.02 0.01-0.00j
49700 -0.03 -0.00 0.03 -0.01 1.03 0.01-0.00j
49800 -0.03 -0.00 0.03 -0.01 1.07 0.01-0.00j
49900 -0.03 -0.00 0.03 -0.01 1.03 0.01-0.00j
50000 -0.03 -0.00 0.03 -0.01 1.01 0.01-0.00j
50100 -0.03 -0.00 0.03 -0.01 1.04 0.01-0.00j
50200 -0.03 0.00 0.03 -0.01 1.06 0.01+0.00j
50300 -0.03 0.00 0.03 -0.01 1.05 0.01+0.00j
50400 -0.03 -0.00 0.03 -0.01 1.05 0.01-0.00j
50500 -0.03 0.00 0.03 -0.01 1.02 0.01+0.00j
50600 -0.03 0.00 0.03 -0.01 1.04 0.01+0.00j
50700 -0.03 0.00 0.03 -0.01 1.04 0.01+0.00j
50800 -0.03 -0.00 0.03 -0.01 1.04 0.01-0.00j
50900 -0.03 -0.00 0.03 -0.01 1.04 0.01-0.00j
51000 -0.03 0.00 0.03 -0.01 1.04 0.01+0.00j
51100 -0.03 -0.00 0.03 -0.01 1.05 0.01-0.00j
51200 -0.03 0.00 0.03 -0.00 1.04 0.01+0.00j
51300 -0.03 -0.00 0.03 -0.01 1.03 0.01-0.00j
51400 -0.03 0.00 0.03 -0.00 1.05 0.01+0.00j
51500 -0.03 -0.00 0.03 -0.01 1.04 0.01-0.00j
51600 -0.03 0.00 0.03 -0.01 1.06 0.01+0.00j
51700 -0.03 -0.00 0.03 -0.01 1.07 0.01-0.00j
51800 -0.03 -0.00 0.03 -0.01 1.05 0.01-0.00j
51900 -0.03 0.00 0.03 -0.01 1.05 0.01+0.00j
52000 -0.03 -0.00 0.03 -0.01 1.05 0.01-0.00j
52100 -0.03 -0.00 0.03 -0.01 1.05 0.01-0.00j
52200 -0.03 0.00 0.03 -0.01 1.04 0.01+0.00j
52300 -0.03 0.00 0.03 -0.01 1.06 0.01+0.00j
52400 -0.03 0.00 0.03 -0.01 1.05 0.01+0.00j
52500 -0.03 -0.00 0.03 -0.01 1.05 0.01-0.00j
52600 -0.03 0.00 0.03 -0.01 1.02 0.01+0.00j
52700 -0.03 -0.00 0.03 -0.01 1.04 0.01-0.00j
52800 -0.03 -0.00 0.03 -0.01 1.04 0.01-0.00j
52900 -0.03 0.00 0.03 -0.01 1.05 0.01+0.00j
53000 -0.03 0.00 0.03 -0.00 1.05 0.01+0.00j
53100 -0.03 -0.00 0.03 -0.01 1.03 0.01-0.00j
53200 -0.03 0.00 0.03 -0.01 1.05 0.01+0.00j
53300 -0.03 0.00 0.03 -0.01 1.05 0.01+0.00j
53400 -0.03 0.00 0.03 -0.01 1.04 0.01+0.00j
53500 -0.03 -0.00 0.03 -0.01 1.06 0.01-0.00j
53600 -0.03 -0.00 0.03 -0.01 1.05 0.01-0.00j
53700 -0.03 0.00 0.03 -0.01 1.03 0.01+0.00j
53800 -0.03 0.00 0.03 -0.01 1.03 0.01+0.00j
53900 -0.03 -0.00 0.03 -0.01 1.03 0.01-0.00j
54000 -0.03 -0.00 0.03 -0.01 1.03 0.01-0.00j
54100 -0.03 -0.00 0.03 -0.01 1.04 0.01-0.00j
54200 -0.03 0.00 0.03 -0.01 1.05 0.01+0.00j
54300 -0.03 0.00 0.03 -0.00 1.05 0.01+0.00j
54400 -0.03 0.00 0.03 -0.01 1.05 0.01+0.00j
54500 -0.03 0.00 0.03 -0.01 1.05 0.01+0.00j
54600 -0.03 -0.00 0.03 -0.01 1.03 0.01-0.00j
54700 -0.03 -0.00 0.03 -0.01 1.02 0.01-0.00j
54800 -0.03 -0.00 0.03 -0.01 1.04 0.01-0.00j
54900 -0.03 0.00 0.03 -0.00 1.05 0.01+0.00j
55000 -0.03 -0.00 0.03 -0.01 1.06 0.01-0.00j
55100 -0.03 -0.00 0.03 -0.01 1.05 0.01-0.00j
55200 -0.03 -0.00 0.03 -0.01 1.06 0.01-0.00j
55300 -0.03 -0.00 0.03 -0.01 1.04 0.01-0.00j
55400 -0.03 0.00 0.03 -0.01 1.05 0.01+0.00j
55500 -0.03 -0.00 0.03 -0.01 1.02 0.01-0.00j
55600 -0.03 0.00 0.03 -0.01 1.05 0.01+0.00j
55700 -0.03 0.00 0.03 -0.00 1.06 0.01+0.00j
55800 -0.03 0.00 0.03 -0.01 1.06 0.01+0.00j
55900 -0.03 0.00 0.03 -0.00 1.07 0.01+0.00j
56000 -0.03 -0.00 0.03 -0.01 1.05 0.01-0.00j
56100 -0.03 0.00 0.03 -0.00 1.06 0.01+0.00j
56200 -0.03 0.00 0.03 -0.00 1.06 0.01+0.00j
56300 -0.03 -0.00 0.03 -0.01 1.06 0.01-0.00j
56400 -0.03 0.00 0.03 -0.00 1.06 0.01+0.00j
56500 -0.03 0.00 0.03 -0.00 1.05 0.01+0.00j
56600 -0.03 -0.00 0.03 -0.01 1.03 0.01-0.00j
56700 -0.03 -0.00 0.03 -0.01 1.03 0.01-0.00j
56800 -0.03 -0.00 0.03 -0.01 1.04 0.01-0.00j
56900 -0.03 0.00 0.03 -0.00 1.05 0.01+0.00j
57000 -0.03 -0.00 0.03 -0.01 1.05 0.01-0.00j
57100 -0.03 -0.00 0.03 -0.01 1.06 0.01-0.00j
57200 -0.03 0.00 0.03 -0.01 1.06 0.01+0.00j
57300 -0.03 -0.00 0.03 -0.01 1.04 0.01-0.00j
57400 -0.03 -0.00 0.03 -0.00 1.08 0.01-0.00j
57500 -0.03 -0.00 0.03 -0.01 1.04 0.01-0.00j
57600 -0.03 -0.00 0.03 -0.01 1.06 0.01-0.00j
57700 -0.03 -0.00 0.03 -0.01 1.04 0.01-0.00j
57800 -0.03 0.00 0.03 -0.00 1.05 0.01+0.00j
57900 -0.03 0.00 0.03 -0.01 1.06 0.01+0.00j
58000 -0.03 -0.00 0.03 -0.01 1.03 0.01-0.00j
58100 -0.03 -0.00 0.03 -0.01 1.04 0.01-0.00j
58200 -0.03 0.00 0.03 -0.00 1.06 0.01+0.00j
58300 -0.03 -0.00 0.03 -0.01 1.05 0.01-0.00j
58400 -0.03 -0.00 0.03 -0.01 1.04 0.01-0.00j
58500 -0.03 -0.00 0.03 -0.01 1.06 0.01-0.00j
58600 -0.03 0.00 0.03 -0.01 1.05 0.01+0.00j
58700 -0.03 -0.00 0.03 -0.01 1.06 0.01-0.00j
58800 -0.03 -0.00 0.03 -0.01 1.06 0.01-0.00j
58900 -0.03 0.00 0.03 -0.00 1.04 0.01+0.00j
59000 -0.03 0.00 0.03 -0.00 1.06 0.01+0.00j
59100 -0.03 -0.00 0.03 -0.01 1.03 0.01-0.00j
59200 -0.03 0.00 0.03 -0.01 1.03 0.01+0.00j
59300 -0.03 0.00 0.03 -0.00 1.06 0.01+0.00j
59400 -0.03 0.00 0.03 -0.01 1.04 0.01+0.00j
59500 -0.03 -0.00 0.03 -0.01 1.04 0.01-0.00j
59600 -0.03 0.00 0.03 -0.01 1.04 0.01+0.00j
59700 -0.03 -0.00 0.03 -0.01 1.04 0.01-0.00j
59800 -0.03 0.00 0.03 -0.00 1.05 0.01+0.00j
59900 -0.03 0.00 0.03 -0.01 1.03 0.01+0.00j
60000 -0.03 -0.00 0.03 -0.01 1.05 0.01-0.00j
60100 -0.03 -0.00 0.03 -0.01 1.05 0.01-0.00j
60200 -0.03 -0.00 0.03 -0.01 1.05 0.01-0.00j
60300 -0.03 0.00 0.03 -0.01 1.04 0.01+0.00j
60400 -0.03 0.00 0.03 -0.01 1.06 0.01+0.00j
60500 -0.03 0.00 0.03 -0.00 1.07 0.01+0.00j
60600 -0.03 0.00 0.03 -0.01 1.05 0.01+0.00j
60700 -0.03 0.00 0.03 -0.00 1.05 0.01+0.00j
60800 -0.03 -0.00 0.03 -0.01 1.05 0.01-0.00j
60900 -0.03 -0.00 0.03 -0.01 1.05 0.01-0.00j
61000 -0.03 -0.00 0.03 -0.01 1.05 0.01-0.00j
61100 -0.03 -0.00 0.03 -0.01 1.04 0.01-0.00j
61200 -0.03 0.00 0.03 -0.00 1.04 0.01+0.00j
61300 -0.03 0.00 0.03 -0.00 1.03 0.01+0.00j
61400 -0.03 0.00 0.03 -0.01 1.04 0.01+0.00j
61500 -0.03 0.00 0.03 -0.00 1.06 0.01+0.00j
61600 -0.03 0.00 0.03 -0.00 1.05 0.01+0.00j
61700 -0.03 0.00 0.03 -0.01 1.03 0.01+0.00j
61800 -0.03 0.00 0.03 -0.00 1.04 0.01+0.00j
61900 -0.03 0.00 0.03 -0.00 1.07 0.01+0.00j
62000 -0.03 0.00 0.03 -0.00 1.06 0.01+0.00j
62100 -0.03 -0.00 0.03 -0.01 1.05 0.01-0.00j
62200 -0.03 0.00 0.03 -0.01 1.03 0.01+0.00j
62300 -0.03 0.00 0.03 -0.01 1.02 0.01+0.00j
62400 -0.03 0.00 0.03 -0.00 1.05 0.01+0.00j
62500 -0.03 -0.00 0.03 -0.01 1.05 0.01-0.00j
62600 -0.03 -0.00 0.03 -0.01 1.03 0.01-0.00j
62700 -0.03 -0.00 0.03 -0.01 1.06 0.01-0.00j
62800 -0.03 -0.00 0.03 -0.01 1.06 0.01-0.00j
62900 -0.03 -0.00 0.03 -0.00 1.06 0.01-0.00j
63000 -0.03 -0.00 0.03 -0.01 1.03 0.01-0.00j
63100 -0.03 -0.00 0.03 -0.01 1.04 0.01-0.00j
63200 -0.03 0.00 0.03 -0.00 1.06 0.01+0.00j
63300 -0.03 0.00 0.03 -0.01 1.03 0.01+0.00j
63400 -0.03 0.00 0.03 -0.01 1.05 0.01+0.00j
63500 -0.03 -0.00 0.03 -0.00 1.07 0.01-0.00j
63600 -0.03 -0.00 0.03 -0.01 1.03 0.01-0.00j
63700 -0.03 -0.00 0.03 -0.01 1.04 0.01-0.00j
63800 -0.03 0.00 0.03 -0.01 1.06 0.01+0.00j
63900 -0.03 0.00 0.03 -0.00 1.04 0.01+0.00j
64000 -0.03 -0.00 0.03 -0.01 1.04 0.01-0.00j
64100 -0.03 -0.00 0.03 -0.01 1.05 0.01-0.00j
64200 -0.03 0.00 0.03 -0.01 1.02 0.01+0.00j
64300 -0.03 -0.00 0.03 -0.01 1.06 0.01-0.00j
64400 -0.03 0.00 0.03 -0.00 1.05 0.01+0.00j
64500 -0.03 -0.00 0.03 -0.01 1.04 0.01-0.00j
64600 -0.03 -0.00 0.03 -0.01 1.05 0.01-0.00j
64700 -0.03 -0.00 0.03 -0.01 1.06 0.01-0.00j
64800 -0.03 0.00 0.03 -0.00 1.07 0.01+0.00j
64900 -0.03 0.00 0.03 -0.00 1.06 0.01+0.00j
65000 -0.03 -0.00 0.03 -0.01 1.04 0.01-0.00j
65100 -0.03 -0.00 0.03 -0.01 1.04 0.01-0.00j
65200 -0.03 0.00 0.03 -0.00 1.05 0.01+0.00j
65300 -0.03 -0.00 0.03 -0.01 1.05 0.01-0.00j
65400 -0.03 0.00 0.03 -0.00 1.08 0.01+0.00j
65500 -0.03 -0.00 0.03 -0.00 1.07 0.01-0.00j
65600 -0.03 -0.00 0.03 -0.01 1.04 0.01-0.00j
65700 -0.03 0.00 0.03 -0.00 1.06 0.01+0.00j
65800 -0.03 0.00 0.03 -0.01 1.03 0.01+0.00j
65900 -0.03 -0.00 0.03 -0.01 1.05 0.01-0.00j
66000 -0.03 0.00 0.03 -0.00 1.05 0.01+0.00j
66100 -0.03 -0.00 0.03 -0.01 1.04 0.01-0.00j
66200 -0.03 0.00 0.03 -0.00 1.07 0.01+0.00j
66300 -0.03 -0.00 0.03 -0.01 1.05 0.01-0.00j
66400 -0.03 0.00 0.03 -0.01 1.04 0.01+0.00j
66500 -0.03 -0.00 0.03 -0.01 1.05 0.01-0.00j
66600 -0.03 0.00 0.03 -0.01 1.06 0.01+0.00j
66700 -0.03 0.00 0.03 -0.01 1.06 0.01+0.00j
66800 -0.03 0.00 0.03 -0.00 1.06 0.01+0.00j
66900 -0.03 -0.00 0.03 -0.01 1.06 0.01-0.00j
67000 -0.03 -0.00 0.03 -0.01 1.04 0.01-0.00j
67100 -0.03 0.00 0.03 -0.01 1.03 0.01+0.00j
67200 -0.03 0.00 0.03 -0.01 1.04 0.01+0.00j
67300 -0.03 0.00 0.03 -0.01 1.05 0.01+0.00j
67400 -0.03 0.00 0.03 -0.00 1.04 0.01+0.00j
67500 -0.03 0.00 0.03 -0.01 1.04 0.01+0.00j
67600 -0.03 0.00 0.03 -0.00 1.05 0.01+0.00j
67700 -0.03 -0.00 0.03 -0.01 1.04 0.01-0.00j
67800 -0.03 0.00 0.03 -0.00 1.05 0.01+0.00j
67900 -0.03 -0.00 0.03 -0.01 1.05 0.01-0.00j
68000 -0.03 0.00 0.03 -0.01 1.05 0.01+0.00j
68100 -0.03 -0.00 0.03 -0.01 1.05 0.01-0.00j
68200 -0.03 -0.00 0.03 -0.01 1.03 0.01-0.00j
68300 -0.03 0.00 0.03 -0.00 1.04 0.01+0.00j
68400 -0.03 0.00 0.03 -0.00 1.05 0.01+0.00j
68500 -0.03 0.00 0.03 -0.00 1.05 0.01+0.00j
68600 -0.03 -0.00 0.03 -0.01 1.04 0.01-0.00j
68700 -0.03 0.00 0.03 -0.01 1.04 0.01+0.00j
68800 -0.03 -0.00 0.03 -0.01 1.05 0.01-0.00j
68900 -0.03 -0.00 0.03 -0.01 1.03 0.01-0.00j
69000 -0.03 0.00 0.03 -0.00 1.04 0.01+0.00j
69100 -0.03 0.00 0.03 -0.00 1.06 0.01+0.00j
69200 -0.03 0.00 0.03 -0.00 1.06 0.01+0.00j
69300 -0.03 -0.00 0.03 -0.01 1.06 0.01-0.00j
69400 -0.03 -0.00 0.03 -0.01 1.03 0.01-0.00j
69500 -0.03 -0.00 0.03 -0.01 1.03 0.01-0.00j
69600 -0.03 -0.00 0.03 -0.01 1.02 0.01-0.00j
69700 -0.03 0.00 0.03 -0.00 1.05 0.01+0.00j
69800 -0.03 -0.00 0.03 -0.01 1.04 0.01-0.00j
69900 -0.03 0.00 0.03 -0.01 1.05 0.01+0.00j
70000 -0.03 -0.00 0.03 -0.01 1.03 0.01-0.00j
70100 -0.03 -0.00 0.03 -0.01 1.05 0.01-0.00j
70200 -0.03 -0.00 0.03 -0.00 1.06 0.01-0.00j
70300 -0.03 0.00 0.03 -0.01 1.05 0.01+0.00j
70400 -0.03 0.00 0.03 -0.01 1.03 0.01+0.00j
70500 -0.03 0.00 0.03 -0.00 1.06 0.01+0.00j
70600 -0.03 -0.00 0.03 -0.01 1.05 0.01-0.00j
70700 -0.03 -0.00 0.03 -0.01 1.06 0.01-0.00j
70800 -0.03 -0.00 0.03 -0.01 1.03 0.01-0.00j
70900 -0.03 -0.00 0.03 -0.01 1.07 0.01-0.00j
71000 -0.03 0.00 0.03 -0.00 1.07 0.01+0.00j
71100 -0.03 -0.00 0.03 -0.01 1.06 0.01-0.00j
71200 -0.03 0.00 0.03 -0.01 1.06 0.01+0.00j
71300 -0.03 -0.00 0.03 -0.01 1.06 0.01-0.00j
71400 -0.03 0.00 0.03 -0.01 1.05 0.01+0.00j
71500 -0.03 -0.00 0.03 -0.01 1.05 0.01-0.00j
71600 -0.03 -0.00 0.03 -0.00 1.08 0.01-0.00j
71700 -0.03 0.00 0.03 -0.01 1.04 0.01+0.00j
71800 -0.03 0.00 0.03 -0.01 1.06 0.01+0.00j
71900 -0.03 0.00 0.03 -0.01 1.04 0.01+0.00j
72000 -0.03 -0.00 0.03 -0.01 1.05 0.01-0.00j
72100 -0.03 0.00 0.03 -0.01 1.06 0.01+0.00j
72200 -0.03 0.00 0.03 -0.01 1.06 0.01+0.00j
72300 -0.03 0.00 0.03 -0.01 1.05 0.01+0.00j
72400 -0.03 -0.00 0.03 -0.01 1.06 0.01-0.00j
72500 -0.03 -0.00 0.03 -0.00 1.07 0.01-0.00j
72600 -0.03 0.00 0.03 -0.01 1.05 0.01+0.00j
72700 -0.03 -0.00 0.03 -0.01 1.05 0.01-0.00j
72800 -0.03 0.00 0.03 -0.01 1.05 0.01+0.00j
72900 -0.03 -0.00 0.03 -0.01 1.06 0.01-0.00j
73000 -0.03 0.00 0.03 -0.00 1.04 0.01+0.00j
73100 -0.03 -0.00 0.03 -0.01 1.03 0.01-0.00j
73200 -0.03 0.00 0.03 -0.00 1.04 0.01+0.00j
73300 -0.03 -0.00 0.03 -0.01 1.05 0.01-0.00j
73400 -0.03 -0.00 0.03 -0.00 1.06 0.01-0.00j
73500 -0.03 0.00 0.03 -0.01 1.05 0.01+0.00j
73600 -0.03 -0.00 0.03 -0.01 1.03 0.01-0.00j
73700 -0.03 0.00 0.03 -0.01 1.04 0.01+0.00j
73800 -0.03 0.00 0.03 -0.01 1.04 0.01+0.00j
73900 -0.03 -0.00 0.03 -0.01 1.04 0.01-0.00j
74000 -0.03 0.00 0.03 -0.00 1.06 0.01+0.00j
74100 -0.03 -0.00 0.03 -0.01 1.07 0.01-0.00j
74200 -0.03 -0.00 0.03 -0.01 1.05 0.01-0.00j
74300 -0.03 -0.00 0.03 -0.01 1.06 0.01-0.00j
74400 -0.03 -0.00 0.03 -0.01 1.06 0.01-0.00j
74500 -0.03 -0.00 0.03 -0.01 1.04 0.01-0.00j
74600 -0.03 0.00 0.03 -0.00 1.06 0.01+0.00j
74700 -0.03 0.00 0.03 -0.01 1.02 0.01+0.00j
74800 -0.03 -0.00 0.03 -0.01 1.06 0.01-0.00j
74900 -0.03 0.00 0.03 -0.01 1.05 0.01+0.00j
75000 -0.03 0.00 0.03 -0.00 1.03 0.01+0.00j
75100 -0.03 0.00 0.03 -0.01 1.03 0.01+0.00j
75200 -0.03 0.00 0.03 -0.00 1.04 0.01+0.00j
75300 -0.03 0.00 0.03 -0.01 1.07 0.01+0.00j
75400 -0.03 0.00 0.03 -0.00 1.05 0.01+0.00j
75500 -0.03 -0.00 0.03 -0.01 1.06 0.01-0.00j
75600 -0.03 -0.00 0.03 -0.01 1.06 0.01-0.00j
75700 -0.03 -0.00 0.03 -0.01 1.04 0.01-0.00j
75800 -0.03 0.00 0.03 -0.01 1.05 0.01+0.00j
75900 -0.03 0.00 0.03 -0.00 1.04 0.01+0.00j
76000 -0.03 0.00 0.03 -0.01 1.05 0.01+0.00j
76100 -0.03 0.00 0.03 -0.01 1.03 0.01+0.00j
76200 -0.03 0.00 0.03 -0.00 1.05 0.01+0.00j
76300 -0.03 -0.00 0.03 -0.01 1.03 0.01-0.00j
76400 -0.03 0.00 0.03 -0.01 1.04 0.01+0.00j
76500 -0.03 -0.00 0.03 -0.01 1.05 0.01-0.00j
76600 -0.03 0.00 0.03 -0.00 1.04 0.01+0.00j
76700 -0.03 0.00 0.03 -0.00 1.07 0.01+0.00j
76800 -0.03 0.00 0.03 -0.01 1.04 0.01+0.00j
76900 -0.03 -0.00 0.03 -0.01 1.05 0.01-0.00j
77000 -0.03 0.00 0.03 -0.00 1.04 0.01+0.00j
77100 -0.03 0.00 0.03 -0.01 1.04 0.01+0.00j
77200 -0.03 -0.00 0.03 -0.01 1.04 0.01-0.00j
77300 -0.03 -0.00 0.03 -0.01 1.05 0.01-0.00j
77400 -0.03 -0.00 0.03 -0.00 1.08 0.01-0.00j
77500 -0.03 -0.00 0.03 -0.00 1.05 0.01-0.00j
77600 -0.03 0.00 0.03 -0.00 1.06 0.01+0.00j
77700 -0.03 0.00 0.03 -0.01 1.03 0.01+0.00j
77800 -0.03 0.00 0.03 -0.01 1.04 0.01+0.00j
77900 -0.03 0.00 0.03 -0.01 1.03 0.01+0.00j
78000 -0.03 0.00 0.03 -0.00 1.07 0.01+0.00j
78100 -0.03 -0.00 0.03 -0.01 1.06 0.01-0.00j
78200 -0.03 -0.00 0.03 -0.01 1.03 0.01-0.00j
78300 -0.03 0.00 0.03 -0.01 1.05 0.01+0.00j
78400 -0.03 0.00 0.03 -0.00 1.04 0.01+0.00j
78500 -0.03 -0.00 0.03 -0.01 1.04 0.01-0.00j
78600 -0.03 -0.00 0.03 -0.01 1.06 0.01-0.00j
78700 -0.03 -0.00 0.03 -0.01 1.06 0.01-0.00j
78800 -0.03 0.00 0.03 -0.01 1.05 0.01+0.00j
78900 -0.03 0.00 0.03 -0.01 1.04 0.01+0.00j
79000 -0.03 -0.00 0.03 -0.01 1.06 0.01-0.00j
79100 -0.03 -0.00 0.03 -0.01 1.04 0.01-0.00j
79200 -0.03 -0.00 0.03 -0.01 1.02 0.01-0.00j
79300 -0.03 0.00 0.03 -0.01 1.05 0.01+0.00j
79400 -0.03 0.00 0.03 -0.01 1.04 0.01+0.00j
79500 -0.03 0.00 0.03 -0.00 1.06 0.01+0.00j
79600 -0.03 0.00 0.03 -0.01 1.04 0.01+0.00j
79700 -0.03 0.00 0.03 -0.01 1.04 0.01+0.00j
79800 -0.03 0.00 0.03 -0.00 1.07 0.01+0.00j
79900 -0.03 -0.00 0.03 -0.01 1.06 0.01-0.00j
80000 -0.03 0.00 0.03 -0.01 1.04 0.01+0.00j
80100 -0.03 -0.00 0.03 -0.01 1.03 0.01-0.00j
80200 -0.03 -0.00 0.03 -0.01 1.02 0.01-0.00j
80300 -0.03 -0.00 0.03 -0.00 1.08 0.01-0.00j
80400 -0.03 0.00 0.03 -0.00 1.04 0.01+0.00j
80500 -0.03 -0.00 0.03 -0.01 1.06 0.01-0.00j
80600 -0.03 0.00 0.03 -0.01 1.05 0.01+0.00j
80700 -0.03 -0.00 0.03 -0.01 1.05 0.01-0.00j
80800 -0.03 -0.00 0.03 -0.01 1.06 0.01-0.00j
80900 -0.03 0.00 0.03 -0.01 1.04 0.01+0.00j
81000 -0.03 -0.00 0.03 -0.01 1.05 0.01-0.00j
81100 -0.03 -0.00 0.03 -0.01 1.04 0.01-0.00j
81200 -0.03 0.00 0.03 -0.01 1.05 0.01+0.00j
81300 -0.03 -0.00 0.03 -0.01 1.05 0.01-0.00j
81400 -0.03 0.00 0.03 -0.00 1.05 0.01+0.00j
81500 -0.03 -0.00 0.03 -0.01 1.06 0.01-0.00j
81600 -0.03 0.00 0.03 -0.01 1.05 0.01+0.00j
81700 -0.03 0.00 0.03 -0.01 1.04 0.01+0.00j
81800 -0.03 0.00 0.03 -0.00 1.05 0.01+0.00j
81900 -0.03 -0.00 0.03 -0.01 1.04 0.01-0.00j
82000 -0.03 0.00 0.03 -0.00 1.05 0.01+0.00j
82100 -0.03 0.00 0.03 -0.01 1.05 0.01+0.00j
82200 -0.03 -0.00 0.03 -0.01 1.05 0.01-0.00j
82300 -0.03 -0.00 0.03 -0.00 1.07 0.01-0.00j
82400 -0.03 -0.00 0.03 -0.01 1.06 0.01-0.00j
82500 -0.03 0.00 0.03 -0.00 1.05 0.01+0.00j
82600 -0.03 0.00 0.03 -0.00 1.06 0.01+0.00j
82700 -0.03 -0.00 0.03 -0.01 1.04 0.01-0.00j
82800 -0.03 -0.00 0.03 -0.01 1.06 0.01-0.00j
82900 -0.03 0.00 0.03 -0.00 1.05 0.01+0.00j
83000 -0.03 0.00 0.03 -0.01 1.05 0.01+0.00j
83100 -0.03 -0.00 0.03 -0.01 1.04 0.01-0.00j
83200 -0.03 -0.00 0.03 -0.01 1.05 0.01-0.00j
83300 -0.03 -0.00 0.03 -0.01 1.04 0.01-0.00j
83400 -0.03 0.00 0.03 -0.00 1.06 0.01+0.00j
83500 -0.03 0.00 0.03 -0.01 1.04 0.01+0.00j
83600 -0.03 -0.00 0.03 -0.01 1.04 0.01-0.00j
83700 -0.03 -0.00 0.03 -0.00 1.06 0.01-0.00j
83800 -0.03 -0.00 0.03 -0.01 1.06 0.01-0.00j
83900 -0.03 -0.00 0.03 -0.01 1.06 0.01-0.00j
84000 -0.03 -0.00 0.03 -0.01 1.05 0.01-0.00j
84100 -0.03 -0.00 0.03 -0.01 1.06 0.01-0.00j
84200 -0.03 0.00 0.03 -0.00 1.06 0.01+0.00j
84300 -0.03 -0.00 0.03 -0.01 1.03 0.01-0.00j
84400 -0.03 0.00 0.03 -0.00 1.06 0.01+0.00j
84500 -0.03 0.00 0.03 -0.00 1.02 0.01+0.00j
84600 -0.03 0.00 0.03 -0.01 1.05 0.01+0.00j
84700 -0.03 -0.00 0.03 -0.01 1.05 0.01-0.00j
84800 -0.03 -0.00 0.03 -0.01 1.06 0.01-0.00j
84900 -0.03 0.00 0.03 -0.01 1.05 0.01+0.00j
85000 -0.03 0.00 0.03 -0.00 1.06 0.01+0.00j
85100 -0.03 0.00 0.03 -0.01 1.03 0.01+0.00j
85200 -0.03 -0.00 0.03 -0.01 1.06 0.01-0.00j
85300 -0.03 -0.00 0.03 -0.01 1.05 0.01-0.00j
85400 -0.03 -0.00 0.03 -0.01 1.04 0.01-0.00j
85500 -0.03 -0.00 0.03 -0.01 1.05 0.01-0.00j
85600 -0.03 0.00 0.03 -0.00 1.03 0.01+0.00j
85700 -0.03 0.00 0.03 -0.01 1.06 0.01+0.00j
85800 -0.03 0.00 0.03 -0.01 1.05 0.01+0.00j
85900 -0.03 0.00 0.03 -0.00 1.05 0.01+0.00j
86000 -0.03 0.00 0.03 -0.01 1.05 0.01+0.00j
86100 -0.03 -0.00 0.03 -0.01 1.06 0.01-0.00j
86200 -0.03 -0.00 0.03 -0.00 1.07 0.01-0.00j
86300 -0.03 -0.00 0.03 -0.01 1.02 0.01-0.00j
86400 -0.03 -0.00 0.03 -0.01 1.06 0.01-0.00j
86500 -0.03 -0.00 0.03 -0.01 1.04 0.01-0.00j
86600 -0.03 -0.00 0.03 -0.01 1.05 0.01-0.00j
86700 -0.03 -0.00 0.03 -0.01 1.04 0.01-0.00j
86800 -0.03 0.00 0.03 -0.01 1.03 0.01+0.00j
86900 -0.03 0.00 0.03 -0.00 1.06 0.01+0.00j
87000 -0.03 -0.00 0.03 -0.01 1.05 0.01-0.00j
87100 -0.03 -0.00 0.03 -0.01 1.05 0.01-0.00j
87200 -0.03 0.00 0.03 -0.01 1.06 0.01+0.00j
87300 -0.03 0.00 0.03 -0.01 1.04 0.01+0.00j
87400 -0.03 -0.00 0.03 -0.01 1.03 0.01-0.00j
87500 -0.03 0.00 0.03 -0.01 1.05 0.01+0.00j
87600 -0.03 -0.00 0.03 -0.01 1.05 0.01-0.00j
87700 -0.03 -0.00 0.03 -0.01 1.06 0.01-0.00j
87800 -0.03 -0.00 0.03 -0.01 1.07 0.01-0.00j
87900 -0.03 0.00 0.03 -0.01 1.05 0.01+0.00j
88000 -0.03 0.00 0.03 -0.01 1.04 0.01+0.00j
88100 -0.03 0.00 0.03 -0.01 1.05 0.01+0.00j
88200 -0.03 0.00 0.03 -0.00 1.04 0.01+0.00j
88300 -0.03 -0.00 0.03 -0.01 1.05 0.01-0.00j
88400 -0.03 -0.00 0.03 -0.00 1.08 0.01-0.00j
88500 -0.03 -0.00 0.03 -0.01 1.04 0.01-0.00j
88600 -0.03 0.00 0.03 -0.01 1.03 0.01+0.00j
88700 -0.03 0.00 0.03 -0.01 1.04 0.01+0.00j
88800 -0.03 0.00 0.03 -0.01 1.04 0.01+0.00j
88900 -0.03 0.00 0.03 -0.00 1.05 0.01+0.00j
89000 -0.03 -0.00 0.03 -0.01 1.05 0.01-0.00j
89100 -0.03 -0.00 0.03 -0.01 1.03 0.01-0.00j
89200 -0.03 0.00 0.03 -0.00 1.06 0.01+0.00j
89300 -0.03 -0.00 0.03 -0.01 1.05 0.01-0.00j
89400 -0.03 -0.00 0.03 -0.01 1.04 0.01-0.00j
89500 -0.03 -0.00 0.03 -0.01 1.07 0.01-0.00j
89600 -0.03 -0.00 0.03 -0.01 1.03 0.01-0.00j
89700 -0.03 0.00 0.03 -0.00 1.06 0.01+0.00j
89800 -0.03 -0.00 0.03 -0.01 1.05 0.01-0.00j
89900 -0.03 0.00 0.03 -0.01 1.05 0.01+0.00j
90000 -0.03 -0.00 0.03 -0.01 1.03 0.01-0.00j
90100 -0.03 -0.00 0.03 -0.01 1.06 0.01-0.00j
90200 -0.03 -0.00 0.03 -0.01 1.05 0.01-0.00j
90300 -0.03 -0.00 0.03 -0.01 1.04 0.01-0.00j
90400 -0.03 -0.00 0.03 -0.01 1.07 0.01-0.00j
90500 -0.03 -0.00 0.03 -0.01 1.04 0.01-0.00j
90600 -0.03 -0.00 0.03 -0.01 1.08 0.01-0.00j
90700 -0.03 -0.00 0.03 -0.01 1.03 0.01-0.00j
90800 -0.03 -0.00 0.03 -0.01 1.05 0.01-0.00j
90900 -0.03 0.00 0.03 -0.00 1.07 0.01+0.00j
91000 -0.03 0.00 0.03 -0.00 1.06 0.01+0.00j
91100 -0.03 -0.00 0.03 -0.01 1.04 0.01-0.00j
91200 -0.03 -0.00 0.03 -0.01 1.03 0.01-0.00j
91300 -0.03 0.00 0.03 -0.00 1.06 0.01+0.00j
91400 -0.03 -0.00 0.03 -0.00 1.07 0.01-0.00j
91500 -0.03 0.00 0.03 -0.00 1.05 0.01+0.00j
91600 -0.03 -0.00 0.03 -0.01 1.06 0.01-0.00j
91700 -0.03 0.00 0.03 -0.01 1.05 0.01+0.00j
91800 -0.03 0.00 0.03 -0.00 1.05 0.01+0.00j
91900 -0.03 0.00 0.03 -0.01 1.03 0.01+0.00j
92000 -0.03 0.00 0.03 -0.01 1.06 0.01+0.00j
92100 -0.03 0.00 0.03 -0.01 1.05 0.01+0.00j
92200 -0.03 0.00 0.03 -0.01 1.04 0.01+0.00j
92300 -0.03 0.00 0.03 -0.00 1.05 0.01+0.00j
92400 -0.03 0.00 0.03 -0.01 1.05 0.01+0.00j
92500 -0.03 -0.00 0.03 -0.01 1.06 0.01-0.00j
92600 -0.03 0.00 0.03 -0.00 1.05 0.01+0.00j
92700 -0.03 0.00 0.03 -0.00 1.06 0.01+0.00j
92800 -0.03 -0.00 0.03 -0.01 1.06 0.01-0.00j
92900 -0.03 0.00 0.03 -0.01 1.04 0.01+0.00j
93000 -0.03 -0.00 0.03 -0.01 1.06 0.01-0.00j
93100 -0.03 0.00 0.03 -0.01 1.05 0.01+0.00j
93200 -0.03 0.00 0.03 -0.00 1.06 0.01+0.00j
93300 -0.03 0.00 0.03 -0.01 1.05 0.01+0.00j
93400 -0.03 0.00 0.03 -0.01 1.02 0.01+0.00j
93500 -0.03 -0.00 0.03 -0.01 1.04 0.01-0.00j
93600 -0.03 0.00 0.03 -0.01 1.06 0.01+0.00j
93700 -0.03 -0.00 0.03 -0.01 1.04 0.01-0.00j
93800 -0.03 -0.00 0.03 -0.01 1.06 0.01-0.00j
93900 -0.03 0.00 0.03 -0.01 1.07 0.01+0.00j
94000 -0.03 0.00 0.03 -0.01 1.04 0.01+0.00j
94100 -0.03 -0.00 0.03 -0.01 1.06 0.01-0.00j
94200 -0.03 -0.00 0.03 -0.01 1.05 0.01-0.00j
94300 -0.03 -0.00 0.03 -0.01 1.03 0.01-0.00j
94400 -0.03 -0.00 0.03 -0.01 1.06 0.01-0.00j
94500 -0.03 -0.00 0.03 -0.01 1.06 0.01-0.00j
94600 -0.03 0.00 0.03 -0.00 1.04 0.01+0.00j
94700 -0.03 0.00 0.03 -0.01 1.04 0.01+0.00j
94800 -0.03 0.00 0.03 -0.01 1.04 0.01+0.00j
94900 -0.03 0.00 0.03 -0.01 1.03 0.01+0.00j
95000 -0.03 0.00 0.03 -0.01 1.06 0.01+0.00j
95100 -0.03 0.00 0.03 -0.00 1.05 0.01+0.00j
95200 -0.03 -0.00 0.03 -0.01 1.05 0.01-0.00j
95300 -0.03 -0.00 0.03 -0.01 1.03 0.01-0.00j
95400 -0.03 0.00 0.03 -0.01 1.05 0.01+0.00j
95500 -0.03 0.00 0.03 -0.00 1.06 0.01+0.00j
95600 -0.03 0.00 0.03 -0.01 1.06 0.01+0.00j
95700 -0.03 0.00 0.03 -0.01 1.03 0.01+0.00j
95800 -0.03 -0.00 0.03 -0.01 1.04 0.01-0.00j
95900 -0.03 -0.00 0.03 -0.01 1.04 0.01-0.00j
96000 -0.03 -0.00 0.03 -0.01 1.04 0.01-0.00j
96100 -0.03 0.00 0.03 -0.01 1.02 0.01+0.00j
96200 -0.03 -0.00 0.03 -0.01 1.05 0.01-0.00j
96300 -0.03 0.00 0.03 -0.01 1.05 0.01+0.00j
96400 -0.03 0.00 0.03 -0.01 1.06 0.01+0.00j
96500 -0.03 -0.00 0.03 -0.01 1.05 0.01-0.00j
96600 -0.03 -0.00 0.03 -0.01 1.03 0.01-0.00j
96700 -0.03 0.00 0.03 -0.00 1.06 0.01+0.00j
96800 -0.03 0.00 0.03 -0.01 1.05 0.01+0.00j
96900 -0.03 -0.00 0.03 -0.01 1.05 0.01-0.00j
97000 -0.03 -0.00 0.03 -0.01 1.06 0.01-0.00j
97100 -0.03 0.00 0.03 -0.01 1.04 0.01+0.00j
97200 -0.03 -0.00 0.03 -0.01 1.05 0.01-0.00j
97300 -0.03 0.00 0.03 -0.01 1.06 0.01+0.00j
97400 -0.03 -0.00 0.03 -0.00 1.05 0.01-0.00j
97500 -0.03 -0.00 0.03 -0.01 1.05 0.01-0.00j
97600 -0.03 -0.00 0.03 -0.01 1.04 0.01-0.00j
97700 -0.03 0.00 0.03 -0.00 1.05 0.01+0.00j
97800 -0.03 0.00 0.03 -0.01 1.05 0.01+0.00j
97900 -0.03 0.00 0.03 -0.00 1.05 0.01+0.00j
98000 -0.03 0.00 0.03 -0.01 1.03 0.01+0.00j
98100 -0.03 0.00 0.03 -0.00 1.04 0.01+0.00j
98200 -0.03 -0.00 0.03 -0.01 1.05 0.01-0.00j
98300 -0.03 -0.00 0.03 -0.01 1.07 0.01-0.00j
98400 -0.03 0.00 0.03 -0.00 1.07 0.01+0.00j
98500 -0.03 -0.00 0.03 -0.01 1.05 0.01-0.00j
98600 -0.03 -0.00 0.03 -0.01 1.04 0.01-0.00j
98700 -0.03 -0.00 0.03 -0.00 1.05 0.01-0.00j
98800 -0.03 0.00 0.03 -0.00 1.06 0.01+0.00j
98900 -0.03 -0.00 0.03 -0.01 1.04 0.01-0.00j
99000 -0.03 0.00 0.03 -0.01 1.06 0.01+0.00j
99100 -0.03 -0.00 0.03 -0.00 1.04 0.01-0.00j
99200 -0.03 0.00 0.03 -0.01 1.06 0.01+0.00j
99300 -0.03 -0.00 0.03 -0.01 1.05 0.01-0.00j
99400 -0.03 -0.00 0.03 -0.01 1.03 0.01-0.00j
99500 -0.03 0.00 0.03 -0.01 1.05 0.01+0.00j
99600 -0.03 0.00 0.03 -0.01 1.05 0.01+0.00j
99700 -0.03 0.00 0.03 -0.01 1.02 0.01+0.00j
99800 -0.03 -0.00 0.03 -0.01 1.04 0.01-0.00j
99900 -0.03 -0.00 0.03 -0.01 1.04 0.01-0.00j
