# step | beta_mu_ex_S.real | beta_mu_ex_P.real | beta_P.real | rho_A.real | rho_P.real | -kTlog(Qa) | -kTlog(Qp)
1000 | -0.0129 | 53.0807 | 4.8929 | 4.8828| 0.0156 | 0.9555+1.9802j | 5308.0747-127.8971j
2000 | -0.0326 | 51.8036 | 4.8929 | 4.8828| 0.0156 | -1.0145-0.8998j | 5180.3707+57.9103j
3000 | -0.0530 | 50.4959 | 4.8929 | 4.8828| 0.0156 | -3.0588+0.7504j | 5049.6015-47.4633j
4000 | -0.0272 | 52.1546 | 4.8929 | 4.8828| 0.0156 | -0.4771+1.3905j | 5215.4714-88.5792j
5000 | -0.0159 | 52.8714 | 4.8929 | 4.8828| 0.0156 | 0.6556-0.6767j | 5287.1481+42.8000j
6000 | -0.0175 | 52.7672 | 4.8929 | 4.8828| 0.0156 | 0.4934+0.0417j | 5276.7295-2.6684j
7000 | -0.0174 | 52.7688 | 4.8929 | 4.8828| 0.0156 | 0.5048-0.8299j | 5276.8901+53.5886j
8000 | -0.0179 | 52.7381 | 4.8929 | 4.8828| 0.0156 | 0.4524-1.3539j | 5273.8144+86.4996j
9000 | -0.0379 | 51.4620 | 4.8929 | 4.8828| 0.0156 | -1.5454+0.5867j | 5146.2082-38.2529j
10000 | -0.0309 | 51.9216 | 4.8929 | 4.8828| 0.0156 | -0.8480+2.5042j | 5192.1666-160.0406j
11000 | 0.0046 | 54.1915 | 4.8929 | 4.8828| 0.0156 | 2.7049+2.8569j | 5419.1579-182.6186j
12000 | -0.0190 | 52.6833 | 4.8929 | 4.8828| 0.0156 | 0.3480-0.9200j | 5268.3335+59.2060j
13000 | -0.0501 | 50.6982 | 4.8929 | 4.8828| 0.0156 | -2.7630+1.7348j | 5069.8245-111.6702j
14000 | -0.0109 | 53.2039 | 4.8929 | 4.8828| 0.0156 | 1.1581-2.0557j | 5320.3981+132.1551j
15000 | -0.0274 | 52.1332 | 4.8929 | 4.8828| 0.0156 | -0.4968+1.2306j | 5213.3266-78.6205j
16000 | -0.0121 | 53.1269 | 4.8929 | 4.8828| 0.0156 | 1.0360+1.1344j | 5312.6937-72.1750j
17000 | -0.0120 | 53.1270 | 4.8929 | 4.8828| 0.0156 | 1.0421+2.5910j | 5312.7096-165.3918j
18000 | -0.0491 | 50.7587 | 4.8929 | 4.8828| 0.0156 | -2.6618-1.7330j | 5075.8815+110.5727j
19000 | -0.0536 | 50.4665 | 4.8929 | 4.8828| 0.0156 | -3.1145-0.4965j | 5046.6577+31.5557j
20000 | -0.0301 | 51.9723 | 4.8929 | 4.8828| 0.0156 | -0.7695+0.0131j | 5197.2336-0.6905j
21000 | -0.0140 | 52.9882 | 4.8929 | 4.8828| 0.0156 | 0.8437+0.0286j | 5298.8294-1.0709j
22000 | -0.0234 | 52.3969 | 4.8929 | 4.8828| 0.0156 | -0.0930-0.7814j | 5239.6953+49.2713j
23000 | -0.0284 | 52.0701 | 4.8929 | 4.8828| 0.0156 | -0.5911+0.2358j | 5207.0170-15.8569j
24000 | -0.0081 | 53.3774 | 4.8929 | 4.8828| 0.0156 | 1.4367+1.6808j | 5337.7426-107.2947j
25000 | -0.0141 | 52.9922 | 4.8929 | 4.8828| 0.0156 | 0.8305+0.7284j | 5299.2299-45.6091j
26000 | -0.0095 | 53.2851 | 4.8929 | 4.8828| 0.0156 | 1.2905+1.9282j | 5328.5152-123.0353j
27000 | -0.0401 | 51.3273 | 4.8929 | 4.8828| 0.0156 | -1.7609+0.8254j | 5132.7390-52.9126j
28000 | -0.0140 | 53.0025 | 4.8929 | 4.8828| 0.0156 | 0.8434-1.2305j | 5300.2545+79.0043j
29000 | -0.0095 | 53.2940 | 4.8929 | 4.8828| 0.0156 | 1.2974+2.6155j | 5329.4040-167.6964j
30000 | -0.0223 | 52.4753 | 4.8929 | 4.8828| 0.0156 | 0.0181+0.4334j | 5247.5394-28.1603j
31000 | -0.0433 | 51.1166 | 4.8929 | 4.8828| 0.0156 | -2.0871+0.6205j | 5111.6639-40.3420j
32000 | -0.0196 | 52.6441 | 4.8929 | 4.8828| 0.0156 | 0.2895-0.6445j | 5264.4194+41.3582j
33000 | -0.0125 | 53.0792 | 4.8929 | 4.8828| 0.0156 | 0.9947+1.3294j | 5307.9284-83.6638j
34000 | -0.0185 | 52.7124 | 4.8929 | 4.8828| 0.0156 | 0.3910+0.3805j | 5271.2460-23.9053j
35000 | -0.0125 | 53.0925 | 4.8929 | 4.8828| 0.0156 | 0.9929-0.0194j | 5309.2610+1.4103j
36000 | -0.0359 | 51.5927 | 4.8929 | 4.8828| 0.0156 | -1.3476+1.0652j | 5159.2770-68.4276j
37000 | -0.0119 | 53.1306 | 4.8929 | 4.8828| 0.0156 | 1.0509+1.7148j | 5313.0708-109.7358j
38000 | -0.0202 | 52.5962 | 4.8929 | 4.8828| 0.0156 | 0.2204+2.7520j | 5259.6254-175.8114j
39000 | -0.0227 | 52.4622 | 4.8929 | 4.8828| 0.0156 | -0.0213+0.6096j | 5246.2310-39.2595j
40000 | -0.0229 | 52.4274 | 4.8929 | 4.8828| 0.0156 | -0.0490+2.2944j | 5242.7465-146.6259j
41000 | -0.0300 | 51.9688 | 4.8929 | 4.8828| 0.0156 | -0.7556+0.3976j | 5196.8920-25.3308j
42000 | -0.0175 | 52.7695 | 4.8929 | 4.8828| 0.0156 | 0.4956-0.5323j | 5276.9544+33.6997j
43000 | -0.0648 | 49.7508 | 4.8929 | 4.8828| 0.0156 | -4.2331+0.0296j | 4975.0832-1.8642j
44000 | -0.0337 | 51.7364 | 4.8929 | 4.8828| 0.0156 | -1.1291+0.3953j | 5173.6500-25.1561j
45000 | -0.0148 | 52.9507 | 4.8929 | 4.8828| 0.0156 | 0.7641+0.5422j | 5295.0816-34.0869j
46000 | -0.0386 | 51.4215 | 4.8929 | 4.8828| 0.0156 | -1.6165-2.8728j | 5142.1531+184.3375j
47000 | -0.0169 | 52.8109 | 4.8929 | 4.8828| 0.0156 | 0.5512+1.1430j | 5281.0956-73.2996j
48000 | -0.0260 | 52.2430 | 4.8929 | 4.8828| 0.0156 | -0.3601+0.8507j | 5224.3087-54.0789j
49000 | -0.0376 | 51.4910 | 4.8929 | 4.8828| 0.0156 | -1.5172+1.5989j | 5149.1035-102.5596j
50000 | -0.0270 | 52.1710 | 4.8929 | 4.8828| 0.0156 | -0.4516-0.5601j | 5217.1116+35.6346j
51000 | -0.0253 | 52.2741 | 4.8929 | 4.8828| 0.0156 | -0.2809-0.3731j | 5227.4194+23.7173j
52000 | -0.0266 | 52.1827 | 4.8929 | 4.8828| 0.0156 | -0.4168+0.7929j | 5218.2789-50.4415j
53000 | -0.0241 | 52.3538 | 4.8929 | 4.8828| 0.0156 | -0.1612-3.0003j | 5235.3920+192.4901j
54000 | -0.0300 | 51.9861 | 4.8929 | 4.8828| 0.0156 | -0.7508+0.7540j | 5198.6198-48.5449j
55000 | -0.0052 | 53.5671 | 4.8929 | 4.8828| 0.0156 | 1.7298+0.6958j | 5356.7124-45.4081j
56000 | -0.0256 | 52.2502 | 4.8929 | 4.8828| 0.0156 | -0.3123+0.7948j | 5225.0234-50.6111j
57000 | -0.0095 | 53.2942 | 4.8929 | 4.8828| 0.0156 | 1.2993-2.6570j | 5329.4255+170.6138j
58000 | -0.0237 | 52.3762 | 4.8929 | 4.8828| 0.0156 | -0.1288+0.8525j | 5237.6295-55.0876j
59000 | -0.0156 | 52.8954 | 4.8929 | 4.8828| 0.0156 | 0.6878-0.7600j | 5289.5498+48.3147j
60000 | -0.0175 | 52.7730 | 4.8929 | 4.8828| 0.0156 | 0.4931-0.0784j | 5277.3066+4.8891j
61000 | -0.0404 | 51.3107 | 4.8929 | 4.8828| 0.0156 | -1.7942+0.1378j | 5131.0762-8.5230j
62000 | -0.0208 | 52.5636 | 4.8929 | 4.8828| 0.0156 | 0.1660+0.5613j | 5256.3702-36.1380j
63000 | -0.0171 | 52.8044 | 4.8929 | 4.8828| 0.0156 | 0.5355+0.8054j | 5280.4496-51.0229j
64000 | -0.0317 | 51.8535 | 4.8929 | 4.8828| 0.0156 | -0.9271+0.2269j | 5185.3619-15.2877j
65000 | -0.0167 | 52.8253 | 4.8929 | 4.8828| 0.0156 | 0.5735+2.4939j | 5282.5331-159.3266j
66000 | -0.0240 | 52.3480 | 4.8929 | 4.8828| 0.0156 | -0.1588+1.0234j | 5234.8061-65.7191j
67000 | -0.0308 | 51.9328 | 4.8929 | 4.8828| 0.0156 | -0.8367-0.5505j | 5193.2832+36.1840j
68000 | -0.0351 | 51.6427 | 4.8929 | 4.8828| 0.0156 | -1.2612+2.2144j | 5164.2745-142.1768j
69000 | -0.0314 | 51.8883 | 4.8929 | 4.8828| 0.0156 | -0.8906+0.4756j | 5188.8397-30.0423j
70000 | -0.0251 | 52.2943 | 4.8929 | 4.8828| 0.0156 | -0.2627-0.7038j | 5229.4385+45.3999j
71000 | -0.0167 | 52.8078 | 4.8929 | 4.8828| 0.0156 | 0.5747-0.7079j | 5280.7881+46.2132j
72000 | -0.0372 | 51.5188 | 4.8929 | 4.8828| 0.0156 | -1.4729-1.1189j | 5151.8858+71.4814j
73000 | -0.0205 | 52.5820 | 4.8929 | 4.8828| 0.0156 | 0.1933+1.6207j | 5258.2035-103.0303j
74000 | -0.0373 | 51.5079 | 4.8929 | 4.8828| 0.0156 | -1.4829-0.9518j | 5150.7949+61.0591j
75000 | -0.0328 | 51.8069 | 4.8929 | 4.8828| 0.0156 | -1.0315-0.2221j | 5180.6942+15.3840j
76000 | -0.0336 | 51.7450 | 4.8929 | 4.8828| 0.0156 | -1.1182-0.6580j | 5174.5112+41.6415j
77000 | -0.0135 | 53.0268 | 4.8929 | 4.8828| 0.0156 | 0.8928-0.5008j | 5302.6844+32.8060j
78000 | -0.0184 | 52.7251 | 4.8929 | 4.8828| 0.0156 | 0.4019-2.4579j | 5272.5215+157.6601j
79000 | -0.0255 | 52.2691 | 4.8929 | 4.8828| 0.0156 | -0.3016+1.0030j | 5226.9188-63.8945j
80000 | -0.0155 | 52.8969 | 4.8929 | 4.8828| 0.0156 | 0.6922+0.0069j | 5289.6974-0.9920j
81000 | -0.0122 | 53.1222 | 4.8929 | 4.8828| 0.0156 | 1.0235-0.4152j | 5312.2285+27.0635j
82000 | -0.0133 | 53.0468 | 4.8929 | 4.8828| 0.0156 | 0.9163-0.7721j | 5304.6835+49.9485j
83000 | -0.0417 | 51.2221 | 4.8929 | 4.8828| 0.0156 | -1.9237+0.4688j | 5122.2211-29.9881j
84000 | -0.0271 | 52.1721 | 4.8929 | 4.8828| 0.0156 | -0.4623-0.2667j | 5217.2135+17.1472j
85000 | -0.0296 | 52.0050 | 4.8929 | 4.8828| 0.0156 | -0.7118+0.7127j | 5200.5028-45.8728j
86000 | -0.0400 | 51.3304 | 4.8929 | 4.8828| 0.0156 | -1.7560-0.4468j | 5133.0468+27.3771j
87000 | -0.0326 | 51.7970 | 4.8929 | 4.8828| 0.0156 | -1.0199-0.0233j | 5179.7107+0.4504j
88000 | -0.0340 | 51.7253 | 4.8929 | 4.8828| 0.0156 | -1.1543+1.9753j | 5172.5349-127.1435j
89000 | -0.0118 | 53.1430 | 4.8929 | 4.8828| 0.0156 | 1.0615+0.8432j | 5314.3103-53.0535j
90000 | -0.0445 | 51.0536 | 4.8929 | 4.8828| 0.0156 | -2.2007+0.6899j | 5105.3665-43.9954j
91000 | -0.0225 | 52.4422 | 4.8929 | 4.8828| 0.0156 | -0.0093+1.1728j | 5244.2301-74.3674j
92000 | -0.0411 | 51.2700 | 4.8929 | 4.8828| 0.0156 | -1.8633+3.1701j | 5127.0120-202.7009j
93000 | -0.0216 | 52.5142 | 4.8929 | 4.8828| 0.0156 | 0.0866+1.6369j | 5251.4288-104.4580j
94000 | -0.0200 | 52.6020 | 4.8929 | 4.8828| 0.0156 | 0.2471+1.0944j | 5260.2109-70.7012j
95000 | -0.0302 | 51.9697 | 4.8929 | 4.8828| 0.0156 | -0.7749-0.7820j | 5196.9809+50.1369j
96000 | -0.0320 | 51.8370 | 4.8929 | 4.8828| 0.0156 | -0.9581-0.6972j | 5183.7115+44.6205j
97000 | -0.0349 | 51.6526 | 4.8929 | 4.8828| 0.0156 | -1.2431-0.0193j | 5165.2692+1.3863j
98000 | -0.0542 | 50.4254 | 4.8929 | 4.8828| 0.0156 | -3.1744+2.0493j | 5042.5492-131.3236j
99000 | -0.0167 | 52.8241 | 4.8929 | 4.8828| 0.0156 | 0.5738-1.2690j | 5282.4151+80.6851j
100000 | -0.0130 | 53.0652 | 4.8929 | 4.8828| 0.0156 | 0.9494+2.5716j | 5306.5227-165.2222j
