# step | beta_mu_ex_S.real | beta_mu_ex_P.real | beta_P.real | rho_A.real | rho_P.real | -kTlog(Qa) | -kTlog(Qp)
1000 | -0.0781 | 16.0462 | 3.9739 | 3.3359| 1.5625 | -2.3710-0.3558j | 803.0269+23.9138j
2000 | -0.0640 | 16.9588 | 3.9732 | 3.3359| 1.5625 | -1.6672+0.1427j | 848.6561-9.9389j
3000 | -0.0470 | 18.0327 | 3.9735 | 3.3359| 1.5625 | -0.8151-0.1026j | 902.3541+6.4601j
4000 | -0.0611 | 17.1188 | 3.9737 | 3.3359| 1.5625 | -1.5193+1.1170j | 856.6576-71.8386j
5000 | -0.0627 | 17.0041 | 3.9738 | 3.3359| 1.5625 | -1.6032-0.1198j | 850.9253+7.2979j
6000 | -0.0651 | 16.8594 | 3.9738 | 3.3359| 1.5625 | -1.7216-0.6225j | 843.6903+40.1239j
7000 | -0.0689 | 16.6074 | 3.9739 | 3.3359| 1.5625 | -1.9099-0.0487j | 831.0878+3.4087j
8000 | -0.0708 | 16.5122 | 3.9735 | 3.3359| 1.5625 | -2.0076+0.1409j | 826.3297-8.8257j
9000 | -0.0719 | 16.4293 | 3.9737 | 3.3359| 1.5625 | -2.0616-0.1929j | 822.1842+12.9065j
10000 | -0.0957 | 14.9427 | 3.9731 | 3.3359| 1.5625 | -3.2495+1.8188j | 747.8524-118.0526j
11000 | -0.0736 | 16.3210 | 3.9736 | 3.3359| 1.5625 | -2.1482+0.1549j | 816.7659-11.0934j
12000 | -0.0794 | 15.9609 | 3.9734 | 3.3359| 1.5625 | -2.4365+0.7572j | 798.7633-47.7958j
13000 | -0.0825 | 15.7431 | 3.9738 | 3.3359| 1.5625 | -2.5924+0.3366j | 787.8721-20.9191j
14000 | -0.0777 | 16.0662 | 3.9735 | 3.3359| 1.5625 | -2.3527-0.5452j | 804.0300+34.2782j
15000 | -0.0588 | 17.2662 | 3.9737 | 3.3359| 1.5625 | -1.4058-0.4202j | 864.0277+26.3660j
16000 | -0.0582 | 17.2922 | 3.9739 | 3.3359| 1.5625 | -1.3752+0.3019j | 865.3266-18.9393j
17000 | -0.0930 | 15.0672 | 3.9739 | 3.3359| 1.5625 | -3.1156-1.2345j | 754.0790+78.9916j
18000 | -0.0852 | 15.5937 | 3.9734 | 3.3359| 1.5625 | -2.7272-0.1631j | 780.4018+11.5333j
19000 | -0.0722 | 16.4155 | 3.9736 | 3.3359| 1.5625 | -2.0743-1.0273j | 821.4952+66.2944j
20000 | -0.0717 | 16.4483 | 3.9735 | 3.3359| 1.5625 | -2.0536-0.1703j | 823.1316+9.9774j
21000 | -0.0596 | 17.2068 | 3.9738 | 3.3359| 1.5625 | -1.4485-0.0488j | 861.0586+2.8815j
22000 | -0.0753 | 16.2015 | 3.9738 | 3.3359| 1.5625 | -2.2331-0.4901j | 810.7945+30.9391j
23000 | -0.0635 | 16.9718 | 3.9733 | 3.3359| 1.5625 | -1.6413-0.6387j | 849.3078+41.5494j
24000 | -0.0677 | 16.6945 | 3.9737 | 3.3359| 1.5625 | -1.8531+0.2713j | 835.4447-18.0596j
25000 | -0.0757 | 16.1896 | 3.9736 | 3.3359| 1.5625 | -2.2524+0.2040j | 810.1994-12.7726j
26000 | -0.0695 | 16.5987 | 3.9733 | 3.3359| 1.5625 | -1.9427-0.4916j | 830.6550+31.8960j
27000 | -0.0854 | 15.5866 | 3.9733 | 3.3359| 1.5625 | -2.7377-0.0621j | 780.0505+3.4366j
28000 | -0.0638 | 16.9634 | 3.9733 | 3.3359| 1.5625 | -1.6563-0.1472j | 848.8902+9.5225j
29000 | -0.0860 | 15.5336 | 3.9735 | 3.3359| 1.5625 | -2.7671+0.3823j | 777.4004-24.5677j
30000 | -0.0782 | 16.0291 | 3.9735 | 3.3359| 1.5625 | -2.3747-0.3460j | 802.1749+21.6003j
31000 | -0.0621 | 17.0632 | 3.9736 | 3.3359| 1.5625 | -1.5690-0.1809j | 853.8785+11.9554j
32000 | -0.0690 | 16.6005 | 3.9739 | 3.3359| 1.5625 | -1.9185+0.5768j | 830.7435-38.0751j
33000 | -0.0730 | 16.3677 | 3.9735 | 3.3359| 1.5625 | -2.1154+0.6068j | 819.1028-40.4657j
34000 | -0.0698 | 16.5519 | 3.9738 | 3.3359| 1.5625 | -1.9574-0.0455j | 828.3157+2.7401j
35000 | -0.0795 | 15.9578 | 3.9734 | 3.3359| 1.5625 | -2.4417-0.2837j | 798.6094+18.3964j
36000 | -0.0610 | 17.1102 | 3.9740 | 3.3359| 1.5625 | -1.5164-0.0692j | 856.2302+4.9128j
37000 | -0.0769 | 16.1157 | 3.9737 | 3.3359| 1.5625 | -2.3093+0.2285j | 806.5049-14.9819j
38000 | -0.0795 | 15.9626 | 3.9733 | 3.3359| 1.5625 | -2.4389-0.2283j | 798.8475+14.9014j
39000 | -0.0887 | 15.3529 | 3.9737 | 3.3359| 1.5625 | -2.9004-0.1703j | 768.3652+10.4237j
40000 | -0.0647 | 16.9004 | 3.9735 | 3.3359| 1.5625 | -1.7032+1.0628j | 845.7374-68.7894j
41000 | -0.0612 | 17.1147 | 3.9737 | 3.3359| 1.5625 | -1.5244-0.2449j | 856.4533+15.9353j
42000 | -0.0757 | 16.1990 | 3.9734 | 3.3359| 1.5625 | -2.2506-0.6519j | 810.6699+42.4053j
43000 | -0.0447 | 18.1846 | 3.9734 | 3.3359| 1.5625 | -0.7016-0.6009j | 909.9462+39.5585j
44000 | -0.0885 | 15.3584 | 3.9738 | 3.3359| 1.5625 | -2.8925+0.4659j | 768.6376-30.1836j
45000 | -0.0647 | 16.9020 | 3.9735 | 3.3359| 1.5625 | -1.7001+1.1110j | 845.8159-70.7036j
46000 | -0.0804 | 15.9070 | 3.9733 | 3.3359| 1.5625 | -2.4879-0.3334j | 796.0667+21.3566j
47000 | -0.0827 | 15.7187 | 3.9740 | 3.3359| 1.5625 | -2.6030+0.4678j | 786.6553-30.1651j
48000 | -0.0777 | 16.0663 | 3.9735 | 3.3359| 1.5625 | -2.3508-0.1025j | 804.0324+6.6538j
49000 | -0.0618 | 17.0744 | 3.9737 | 3.3359| 1.5625 | -1.5587-0.0574j | 854.4383+3.1492j
50000 | -0.0844 | 15.6305 | 3.9737 | 3.3359| 1.5625 | -2.6872+0.4343j | 782.2434-27.8279j
51000 | -0.0816 | 15.8214 | 3.9734 | 3.3359| 1.5625 | -2.5483-0.3909j | 791.7860+24.5180j
52000 | -0.0434 | 18.2489 | 3.9737 | 3.3359| 1.5625 | -0.6372-0.8128j | 913.1656+53.1807j
53000 | -0.0762 | 16.1556 | 3.9735 | 3.3359| 1.5625 | -2.2786+1.0337j | 808.4966-66.3064j
54000 | -0.0690 | 16.6189 | 3.9736 | 3.3359| 1.5625 | -1.9188-0.3824j | 831.6640+24.4588j
55000 | -0.0680 | 16.6871 | 3.9736 | 3.3359| 1.5625 | -1.8639-0.0652j | 835.0754+2.9001j
56000 | -0.0791 | 15.9699 | 3.9737 | 3.3359| 1.5625 | -2.4213-1.2498j | 799.2125+80.1880j
57000 | -0.0734 | 16.3339 | 3.9736 | 3.3359| 1.5625 | -2.1360+0.6364j | 817.4128-41.6078j
58000 | -0.0690 | 16.6447 | 3.9730 | 3.3359| 1.5625 | -1.9172-0.6382j | 832.9541+41.0551j
59000 | -0.0871 | 15.4636 | 3.9735 | 3.3359| 1.5625 | -2.8229-0.2835j | 773.8995+18.0383j
60000 | -0.0587 | 17.2713 | 3.9737 | 3.3359| 1.5625 | -1.3999+0.6994j | 864.2841-44.5816j
61000 | -0.0676 | 16.7182 | 3.9734 | 3.3359| 1.5625 | -1.8454-0.2632j | 836.6299+17.4056j
62000 | -0.0573 | 17.3706 | 3.9735 | 3.3359| 1.5625 | -1.3334-1.0770j | 869.2481+69.3430j
63000 | -0.0650 | 16.8779 | 3.9735 | 3.3359| 1.5625 | -1.7172-0.7047j | 844.6126+44.7191j
64000 | -0.0433 | 18.2524 | 3.9737 | 3.3359| 1.5625 | -0.6332+0.8020j | 913.3391-52.0716j
65000 | -0.0681 | 16.6597 | 3.9739 | 3.3359| 1.5625 | -1.8710+0.0076j | 833.7057-1.0173j
66000 | -0.0719 | 16.4627 | 3.9729 | 3.3359| 1.5625 | -2.0620+0.2581j | 823.8553-16.7345j
67000 | -0.0685 | 16.6418 | 3.9738 | 3.3359| 1.5625 | -1.8892-0.4640j | 832.8104+30.5189j
68000 | -0.0771 | 16.1143 | 3.9732 | 3.3359| 1.5625 | -2.3238+0.6987j | 806.4331-44.5057j
69000 | -0.0673 | 16.7152 | 3.9739 | 3.3359| 1.5625 | -1.8300+0.3317j | 836.4806-21.0244j
70000 | -0.0555 | 17.4783 | 3.9736 | 3.3359| 1.5625 | -1.2426-1.3670j | 874.6326+88.4538j
71000 | -0.0660 | 16.8151 | 3.9734 | 3.3359| 1.5625 | -1.7672-0.3215j | 841.4743+19.2121j
72000 | -0.0669 | 16.7734 | 3.9732 | 3.3359| 1.5625 | -1.8114+0.8015j | 839.3873-51.8443j
73000 | -0.0672 | 16.7452 | 3.9734 | 3.3359| 1.5625 | -1.8265-0.5910j | 837.9769+37.0377j
74000 | -0.0934 | 15.0414 | 3.9739 | 3.3359| 1.5625 | -3.1352+1.1002j | 752.7895-70.3597j
75000 | -0.0679 | 16.7026 | 3.9733 | 3.3359| 1.5625 | -1.8623+0.5460j | 835.8476-34.6112j
76000 | -0.0514 | 17.7445 | 3.9735 | 3.3359| 1.5625 | -1.0379+0.8104j | 887.9446-51.4706j
77000 | -0.0802 | 15.8886 | 3.9738 | 3.3359| 1.5625 | -2.4771-1.5825j | 795.1479+100.4417j
78000 | -0.0634 | 16.9817 | 3.9736 | 3.3359| 1.5625 | -1.6369-1.2066j | 849.8028+76.8702j
79000 | -0.0949 | 14.9492 | 3.9738 | 3.3359| 1.5625 | -3.2111-0.4974j | 748.1776+31.9286j
80000 | -0.0599 | 17.1971 | 3.9736 | 3.3359| 1.5625 | -1.4622+0.5985j | 860.5743-37.8254j
81000 | -0.0869 | 15.4432 | 3.9742 | 3.3359| 1.5625 | -2.8110+0.2777j | 772.8792-17.0531j
82000 | -0.0984 | 14.7670 | 3.9731 | 3.3359| 1.5625 | -3.3840-0.3795j | 739.0659+25.4689j
83000 | -0.0778 | 16.0321 | 3.9740 | 3.3359| 1.5625 | -2.3558+1.3442j | 802.3245-85.6132j
84000 | -0.0376 | 18.6344 | 3.9733 | 3.3359| 1.5625 | -0.3473+0.1720j | 932.4407-10.1171j
85000 | -0.0813 | 15.8247 | 3.9737 | 3.3359| 1.5625 | -2.5293-0.3130j | 791.9525+19.6195j
86000 | -0.0661 | 16.7884 | 3.9738 | 3.3359| 1.5625 | -1.7709-0.6923j | 840.1364+42.9348j
87000 | -0.0856 | 15.5305 | 3.9740 | 3.3359| 1.5625 | -2.7481-0.6847j | 777.2446+44.6097j
88000 | -0.0496 | 17.8654 | 3.9734 | 3.3359| 1.5625 | -0.9472-0.5392j | 893.9901+34.6707j
89000 | -0.0797 | 15.9424 | 3.9735 | 3.3359| 1.5625 | -2.4494-0.4870j | 797.8364+31.1955j
90000 | -0.0634 | 16.9767 | 3.9736 | 3.3359| 1.5625 | -1.6359-0.4285j | 849.5511+28.3968j
91000 | -0.0659 | 16.8091 | 3.9738 | 3.3359| 1.5625 | -1.7607+0.3278j | 841.1751-19.6677j
92000 | -0.0740 | 16.2972 | 3.9736 | 3.3359| 1.5625 | -2.1676+0.0527j | 815.5774-3.8594j
93000 | -0.0756 | 16.2003 | 3.9736 | 3.3359| 1.5625 | -2.2438+1.0792j | 810.7329-70.1799j
94000 | -0.0604 | 17.1783 | 3.9734 | 3.3359| 1.5625 | -1.4887-0.0099j | 859.6330+1.8567j
95000 | -0.0896 | 15.2883 | 3.9738 | 3.3359| 1.5625 | -2.9488-1.1448j | 765.1352+73.6759j
96000 | -0.0646 | 16.9136 | 3.9734 | 3.3359| 1.5625 | -1.6948+0.1874j | 846.3964-11.7541j
97000 | -0.0783 | 16.0247 | 3.9735 | 3.3359| 1.5625 | -2.3812-0.9812j | 801.9511+62.5269j
98000 | -0.0702 | 16.5495 | 3.9735 | 3.3359| 1.5625 | -1.9758-0.7232j | 828.1925+46.4189j
99000 | -0.0460 | 18.0933 | 3.9736 | 3.3359| 1.5625 | -0.7658-0.2161j | 905.3826+14.0552j
100000 | -0.0777 | 16.0435 | 3.9739 | 3.3359| 1.5625 | -2.3500+1.3439j | 802.8935-86.4127j
