# step beta_mu_ex.real beta_mu_ex.imag beta_P.real beta_P.imag rho.real -kTlog(Q)
10000 0.01 0.01 0.10 0.00 0.10 0.02+0.01j
20000 0.01 0.00 0.10 -0.00 0.10 0.02+0.00j
30000 0.01 -0.00 0.10 -0.00 0.10 0.02-0.00j
40000 0.01 -0.00 0.10 0.00 0.10 0.02-0.00j
50000 0.01 0.00 0.10 0.00 0.10 0.02+0.00j
60000 0.01 0.01 0.10 0.00 0.10 0.02+0.01j
70000 0.01 0.00 0.10 0.00 0.10 0.02+0.00j
80000 0.01 -0.00 0.10 -0.00 0.10 0.02-0.00j
90000 0.01 -0.00 0.10 0.00 0.10 0.02-0.00j
100000 0.01 -0.01 0.10 -0.00 0.10 0.02-0.01j
110000 0.01 -0.00 0.10 -0.00 0.10 0.02-0.00j
120000 0.01 -0.00 0.10 -0.00 0.10 0.02-0.00j
130000 0.01 -0.01 0.10 -0.00 0.10 0.02-0.01j
140000 0.01 -0.00 0.10 0.00 0.10 0.02-0.00j
150000 0.01 0.00 0.10 0.00 0.10 0.02+0.00j
160000 0.01 -0.00 0.10 -0.00 0.10 0.02-0.00j
170000 0.01 -0.00 0.10 -0.00 0.10 0.02-0.00j
180000 0.01 0.00 0.10 0.00 0.10 0.02+0.00j
190000 0.01 0.00 0.10 0.00 0.10 0.02+0.00j
200000 0.01 0.00 0.10 0.00 0.10 0.02+0.00j
210000 0.01 0.00 0.10 0.00 0.10 0.02+0.00j
220000 0.01 -0.00 0.10 -0.00 0.10 0.02-0.00j
230000 0.01 0.00 0.10 0.00 0.10 0.02+0.00j
240000 0.01 -0.00 0.10 -0.00 0.10 0.02-0.00j
250000 0.01 -0.01 0.10 -0.00 0.10 0.02-0.01j
260000 0.01 0.00 0.10 0.00 0.10 0.02+0.00j
270000 0.01 0.00 0.10 0.00 0.10 0.02+0.00j
280000 0.01 0.00 0.10 -0.00 0.10 0.02+0.00j
290000 0.01 0.01 0.10 0.00 0.10 0.02+0.01j
300000 0.01 0.00 0.10 -0.00 0.10 0.02+0.00j
310000 0.01 0.00 0.10 0.00 0.10 0.02+0.00j
320000 0.01 -0.00 0.10 -0.00 0.10 0.02-0.00j
330000 0.01 -0.00 0.10 -0.00 0.10 0.02-0.00j
340000 0.01 -0.00 0.10 -0.00 0.10 0.02-0.00j
350000 0.01 0.01 0.10 0.00 0.10 0.02+0.01j
360000 0.01 -0.00 0.10 -0.00 0.10 0.02-0.00j
370000 0.01 0.00 0.10 0.00 0.10 0.02+0.00j
380000 0.01 0.00 0.10 0.00 0.10 0.02+0.00j
390000 0.01 0.00 0.10 0.00 0.10 0.02+0.00j
400000 0.01 -0.00 0.10 -0.00 0.10 0.02-0.00j
410000 0.01 -0.01 0.10 -0.00 0.10 0.02-0.01j
420000 0.01 -0.00 0.10 -0.00 0.10 0.02-0.00j
430000 0.01 -0.00 0.10 -0.00 0.10 0.02-0.00j
440000 0.01 -0.00 0.10 -0.00 0.10 0.02-0.00j
450000 0.01 0.00 0.10 0.00 0.10 0.02+0.00j
460000 0.01 0.00 0.10 0.00 0.10 0.02+0.00j
470000 0.01 0.01 0.10 0.00 0.10 0.02+0.01j
480000 0.01 0.00 0.10 0.00 0.10 0.02+0.00j
490000 0.01 -0.01 0.10 -0.00 0.10 0.02-0.01j
500000 0.01 0.00 0.10 0.00 0.10 0.02+0.00j
510000 0.01 -0.00 0.10 -0.00 0.10 0.02-0.00j
520000 0.01 0.00 0.10 0.00 0.10 0.02+0.00j
530000 0.01 0.01 0.10 0.00 0.10 0.02+0.01j
540000 0.01 0.01 0.10 0.00 0.10 0.02+0.01j
550000 0.01 -0.00 0.10 -0.00 0.10 0.02-0.00j
560000 0.01 -0.00 0.10 -0.00 0.10 0.02-0.00j
570000 0.01 -0.01 0.10 -0.00 0.10 0.02-0.01j
580000 0.01 0.01 0.10 0.00 0.10 0.02+0.01j
590000 0.01 0.01 0.10 0.00 0.10 0.02+0.01j
600000 0.01 -0.01 0.10 -0.00 0.10 0.02-0.01j
610000 0.01 0.00 0.10 0.00 0.10 0.02+0.00j
620000 0.01 0.01 0.10 0.00 0.10 0.02+0.01j
630000 0.01 -0.01 0.10 -0.00 0.10 0.02-0.01j
640000 0.01 0.00 0.10 0.00 0.10 0.02+0.00j
650000 0.01 0.00 0.10 0.00 0.10 0.02+0.00j
660000 0.01 0.00 0.10 0.00 0.10 0.02+0.00j
670000 0.01 -0.00 0.10 -0.00 0.10 0.02-0.00j
680000 0.01 0.01 0.10 0.00 0.10 0.02+0.01j
690000 0.01 -0.00 0.10 -0.00 0.10 0.02-0.00j
700000 0.01 0.00 0.10 0.00 0.10 0.02+0.00j
710000 0.01 0.00 0.10 0.00 0.10 0.02+0.00j
720000 0.01 0.00 0.10 -0.00 0.10 0.02+0.00j
730000 0.01 -0.01 0.10 -0.00 0.10 0.02-0.01j
740000 0.01 0.00 0.10 0.00 0.10 0.02+0.00j
750000 0.01 -0.00 0.10 -0.00 0.10 0.02-0.00j
760000 0.01 0.01 0.10 0.00 0.10 0.02+0.01j
770000 0.01 0.00 0.10 0.00 0.10 0.02+0.00j
780000 0.01 -0.01 0.10 -0.00 0.10 0.02-0.01j
790000 0.01 0.00 0.10 0.00 0.10 0.02+0.00j
800000 0.01 -0.00 0.10 0.00 0.10 0.02-0.00j
810000 0.01 -0.01 0.10 -0.00 0.10 0.02-0.01j
820000 0.01 0.01 0.10 0.00 0.10 0.02+0.01j
830000 0.01 -0.01 0.10 -0.00 0.10 0.02-0.01j
840000 0.01 -0.00 0.10 -0.00 0.10 0.02-0.00j
850000 0.01 0.00 0.10 0.00 0.10 0.02+0.00j
860000 0.01 0.00 0.10 0.00 0.10 0.02+0.00j
870000 0.01 -0.00 0.10 -0.00 0.10 0.02-0.00j
880000 0.01 -0.00 0.10 -0.00 0.10 0.02-0.00j
890000 0.01 0.01 0.10 0.00 0.10 0.02+0.01j
900000 0.01 -0.00 0.10 -0.00 0.10 0.02-0.00j
910000 0.01 -0.00 0.10 -0.00 0.10 0.02-0.00j
920000 0.01 -0.00 0.10 -0.00 0.10 0.02-0.00j
930000 0.01 -0.01 0.10 -0.00 0.10 0.02-0.01j
940000 0.01 0.00 0.10 -0.00 0.10 0.02+0.00j
950000 0.01 -0.00 0.10 -0.00 0.10 0.02-0.00j
960000 0.01 -0.01 0.10 -0.00 0.10 0.02-0.01j
970000 0.01 0.01 0.10 0.00 0.10 0.02+0.01j
980000 0.01 -0.00 0.10 0.00 0.10 0.02-0.00j
990000 0.01 0.00 0.10 -0.00 0.10 0.02+0.00j
