# step | beta_mu_ex_S.real | beta_mu_ex_P.real | beta_P.real | rho_A.real | rho_B.real | rho_P.real | -kTlog(Qs) | -kTlog(Qp)
1000 | -1.3278 | 12.9216 | 2.0436 | 1.6680| 1.6680 | 1.5625 | 2.0588-0.0934j | 136.3996-5.7224j
2000 | -1.2394 | 19.0936 | 2.1916 | 1.6680| 1.6680 | 1.5625 | 2.9430-0.0744j | 198.1190-4.0343j
3000 | -1.1867 | 22.5149 | 2.2742 | 1.6680| 1.6680 | 1.5625 | 3.4700-0.0549j | 232.3329-0.1843j
4000 | -1.1787 | 23.3395 | 2.2937 | 1.6680| 1.6680 | 1.5625 | 3.5500+0.1888j | 240.5781+10.9619j
5000 | -1.1663 | 24.7373 | 2.3180 | 1.6680| 1.6680 | 1.5625 | 3.6738-0.0046j | 254.5561-1.1259j
6000 | -1.1542 | 25.3853 | 2.3385 | 1.6680| 1.6680 | 1.5625 | 3.7943+0.0736j | 261.0368+4.8118j
7000 | -1.1575 | 25.1042 | 2.3289 | 1.6680| 1.6680 | 1.5625 | 3.7618+0.0680j | 258.2260+6.3398j
8000 | -1.1379 | 26.0858 | 2.3600 | 1.6680| 1.6680 | 1.5625 | 3.9575+0.1464j | 268.0414+9.0299j
9000 | -1.1305 | 26.0428 | 2.3641 | 1.6680| 1.6680 | 1.5625 | 4.0316+0.0746j | 267.6114+5.6016j
10000 | -1.1327 | 25.7446 | 2.3601 | 1.6680| 1.6680 | 1.5625 | 4.0100+0.3659j | 264.6296+22.8933j
11000 | -1.1551 | 26.7169 | 2.3528 | 1.6680| 1.6680 | 1.5625 | 3.7859+0.3783j | 274.3521+22.0492j
12000 | -1.1413 | 25.4943 | 2.3477 | 1.6680| 1.6680 | 1.5625 | 3.9241+0.1720j | 262.1261+10.8846j
13000 | -1.1508 | 25.1189 | 2.3387 | 1.6680| 1.6680 | 1.5625 | 3.8287+0.0795j | 258.3726+4.5938j
14000 | -1.1387 | 25.0068 | 2.3447 | 1.6680| 1.6680 | 1.5625 | 3.9501-0.1028j | 257.2510-6.6476j
15000 | -1.1405 | 26.4381 | 2.3571 | 1.6680| 1.6680 | 1.5625 | 3.9319-0.0268j | 271.5650-0.9905j
16000 | -1.1315 | 26.4433 | 2.3668 | 1.6680| 1.6680 | 1.5625 | 4.0220+0.1340j | 271.6165+7.9294j
17000 | -1.1470 | 26.4703 | 2.3545 | 1.6680| 1.6680 | 1.5625 | 3.8668-0.0579j | 271.8869-2.5427j
18000 | -1.1506 | 25.6699 | 2.3428 | 1.6680| 1.6680 | 1.5625 | 3.8310-0.1409j | 263.8827-10.6811j
19000 | -1.1497 | 25.5759 | 2.3441 | 1.6680| 1.6680 | 1.5625 | 3.8401-0.1675j | 262.9426-8.7582j
20000 | -1.1379 | 24.8696 | 2.3449 | 1.6680| 1.6680 | 1.5625 | 3.9577-0.2666j | 255.8798-15.1656j
21000 | -1.1278 | 25.5287 | 2.3630 | 1.6680| 1.6680 | 1.5625 | 4.0585-0.1409j | 262.4706-9.5460j
22000 | -1.1399 | 25.7812 | 2.3554 | 1.6680| 1.6680 | 1.5625 | 3.9378+0.0222j | 264.9959+3.1668j
23000 | -1.1484 | 25.5079 | 2.3446 | 1.6680| 1.6680 | 1.5625 | 3.8532-0.1354j | 262.2629-9.3161j
24000 | -1.1397 | 25.4397 | 2.3508 | 1.6680| 1.6680 | 1.5625 | 3.9396-0.0332j | 261.5802-1.4690j
25000 | -1.1327 | 26.9834 | 2.3767 | 1.6680| 1.6680 | 1.5625 | 4.0099-0.1894j | 277.0175-10.3721j
26000 | -1.1325 | 26.1104 | 2.3624 | 1.6680| 1.6680 | 1.5625 | 4.0114-0.0129j | 268.2878+0.6230j
27000 | -1.1524 | 25.7085 | 2.3433 | 1.6680| 1.6680 | 1.5625 | 3.8130-0.0354j | 264.2684-2.0369j
28000 | -1.1475 | 25.6199 | 2.3448 | 1.6680| 1.6680 | 1.5625 | 3.8618+0.1563j | 263.3826+9.8275j
29000 | -1.1380 | 25.7474 | 2.3545 | 1.6680| 1.6680 | 1.5625 | 3.9564+0.2138j | 264.6577+11.8156j
30000 | -1.1374 | 25.8676 | 2.3551 | 1.6680| 1.6680 | 1.5625 | 3.9630+0.2451j | 265.8594+13.6867j
31000 | -1.1346 | 24.8634 | 2.3445 | 1.6680| 1.6680 | 1.5625 | 3.9911+0.0264j | 255.8175+1.7653j
32000 | -1.1513 | 24.5187 | 2.3260 | 1.6680| 1.6680 | 1.5625 | 3.8242+0.0987j | 252.3702+6.5786j
33000 | -1.1597 | 25.7299 | 2.3378 | 1.6680| 1.6680 | 1.5625 | 3.7395+0.2462j | 264.4821+15.8073j
34000 | -1.1457 | 25.4242 | 2.3432 | 1.6680| 1.6680 | 1.5625 | 3.8796+0.0025j | 261.4255+0.8160j
35000 | -1.1463 | 25.9003 | 2.3488 | 1.6680| 1.6680 | 1.5625 | 3.8736-0.0816j | 266.1868-4.2484j
36000 | -1.1294 | 25.7487 | 2.3596 | 1.6680| 1.6680 | 1.5625 | 4.0424-0.0746j | 264.6709-3.3444j
37000 | -1.1329 | 25.2972 | 2.3531 | 1.6680| 1.6680 | 1.5625 | 4.0075-0.1003j | 260.1556-3.9553j
38000 | -1.1404 | 25.7151 | 2.3535 | 1.6680| 1.6680 | 1.5625 | 3.9326-0.0879j | 264.3349-5.5047j
39000 | -1.1355 | 25.0968 | 2.3486 | 1.6680| 1.6680 | 1.5625 | 3.9818-0.0220j | 258.1513-1.9143j
40000 | -1.1512 | 24.6814 | 2.3284 | 1.6680| 1.6680 | 1.5625 | 3.8244-0.1642j | 253.9972-10.9940j
41000 | -1.1464 | 25.7233 | 2.3460 | 1.6680| 1.6680 | 1.5625 | 3.8723+0.1067j | 264.4163+6.3058j
42000 | -1.1491 | 25.6375 | 2.3427 | 1.6680| 1.6680 | 1.5625 | 3.8456+0.0679j | 263.5586+4.3221j
43000 | -1.1403 | 25.4783 | 2.3520 | 1.6680| 1.6680 | 1.5625 | 3.9339-0.0328j | 261.9668-2.6719j
44000 | -1.1286 | 25.5099 | 2.3564 | 1.6680| 1.6680 | 1.5625 | 4.0510+0.2056j | 262.2822+11.8921j
45000 | -1.1511 | 25.4701 | 2.3420 | 1.6680| 1.6680 | 1.5625 | 3.8254+0.2877j | 261.8846+17.7590j
46000 | -1.1455 | 26.4766 | 2.3547 | 1.6680| 1.6680 | 1.5625 | 3.8818+0.3744j | 271.9492+25.1622j
47000 | -1.1259 | 24.5795 | 2.3489 | 1.6680| 1.6680 | 1.5625 | 4.0773+0.3873j | 252.9789+23.6415j
48000 | -1.1405 | 26.0421 | 2.3583 | 1.6680| 1.6680 | 1.5625 | 3.9320+0.2581j | 267.6050+14.6272j
49000 | -1.1397 | 26.5505 | 2.3635 | 1.6680| 1.6680 | 1.5625 | 3.9400+0.0826j | 272.6890+4.6198j
50000 | -1.1483 | 26.1724 | 2.3525 | 1.6680| 1.6680 | 1.5625 | 3.8539+0.1630j | 268.9072+10.8692j
51000 | -1.1464 | 26.0883 | 2.3512 | 1.6680| 1.6680 | 1.5625 | 3.8725-0.1166j | 268.0670-6.2443j
52000 | -1.1368 | 26.0893 | 2.3579 | 1.6680| 1.6680 | 1.5625 | 3.9685+0.1102j | 268.0760+10.3188j
53000 | -1.1429 | 26.2691 | 2.3580 | 1.6680| 1.6680 | 1.5625 | 3.9074-0.1292j | 269.8747-7.5027j
54000 | -1.1534 | 25.9005 | 2.3447 | 1.6680| 1.6680 | 1.5625 | 3.8028-0.0856j | 266.1889-6.0943j
55000 | -1.1411 | 25.1036 | 2.3458 | 1.6680| 1.6680 | 1.5625 | 3.9261+0.1073j | 258.2191+4.8001j
56000 | -1.1461 | 25.0224 | 2.3376 | 1.6680| 1.6680 | 1.5625 | 3.8757+0.2302j | 257.4075+12.8509j
57000 | -1.1489 | 26.5638 | 2.3527 | 1.6680| 1.6680 | 1.5625 | 3.8481+0.0852j | 272.8216+6.7340j
58000 | -1.1452 | 22.9838 | 2.3173 | 1.6680| 1.6680 | 1.5625 | 3.8849+0.1384j | 237.0210+11.6055j
59000 | -1.1506 | 24.6648 | 2.3320 | 1.6680| 1.6680 | 1.5625 | 3.8306-0.0026j | 253.8312+2.5405j
60000 | -1.1530 | 25.1829 | 2.3367 | 1.6680| 1.6680 | 1.5625 | 3.8069-0.0984j | 259.0123-3.9101j
61000 | -1.1490 | 24.9627 | 2.3352 | 1.6680| 1.6680 | 1.5625 | 3.8472+0.1188j | 256.8107+7.4031j
62000 | -1.1497 | 25.4958 | 2.3384 | 1.6680| 1.6680 | 1.5625 | 3.8394-0.1757j | 262.1410-11.5603j
63000 | -1.1405 | 25.8143 | 2.3530 | 1.6680| 1.6680 | 1.5625 | 3.9319-0.1046j | 265.3268-7.5908j
64000 | -1.1382 | 25.1869 | 2.3458 | 1.6680| 1.6680 | 1.5625 | 3.9552-0.1750j | 259.0521-10.4389j
65000 | -1.1518 | 25.6629 | 2.3434 | 1.6680| 1.6680 | 1.5625 | 3.8184-0.2150j | 263.8121-12.4505j
66000 | -1.1446 | 24.8652 | 2.3393 | 1.6680| 1.6680 | 1.5625 | 3.8904-0.2294j | 255.8355-15.5740j
67000 | -1.1475 | 25.3549 | 2.3426 | 1.6680| 1.6680 | 1.5625 | 3.8613-0.1821j | 260.7329-12.4345j
68000 | -1.1398 | 25.4065 | 2.3468 | 1.6680| 1.6680 | 1.5625 | 3.9386-0.0551j | 261.2481-3.4179j
69000 | -1.1509 | 25.6417 | 2.3400 | 1.6680| 1.6680 | 1.5625 | 3.8281-0.2000j | 263.6003-12.6541j
70000 | -1.1506 | 24.6693 | 2.3316 | 1.6680| 1.6680 | 1.5625 | 3.8304-0.2730j | 253.8765-18.2851j
71000 | -1.1519 | 24.9240 | 2.3341 | 1.6680| 1.6680 | 1.5625 | 3.8176-0.1781j | 256.4232-12.3442j
72000 | -1.1420 | 24.3289 | 2.3333 | 1.6680| 1.6680 | 1.5625 | 3.9168-0.1835j | 250.4728-10.8918j
73000 | -1.1512 | 24.8185 | 2.3348 | 1.6680| 1.6680 | 1.5625 | 3.8246-0.2500j | 255.3686-13.8597j
74000 | -1.1512 | 24.7742 | 2.3333 | 1.6680| 1.6680 | 1.5625 | 3.8250+0.0123j | 254.9252+2.3530j
75000 | -1.1279 | 25.5378 | 2.3612 | 1.6680| 1.6680 | 1.5625 | 4.0581+0.0645j | 262.5612+3.3883j
76000 | -1.1356 | 25.1140 | 2.3488 | 1.6680| 1.6680 | 1.5625 | 3.9808+0.1088j | 258.3236+6.9764j
77000 | -1.1370 | 24.8152 | 2.3457 | 1.6680| 1.6680 | 1.5625 | 3.9670+0.0639j | 255.3351+5.7768j
78000 | -1.1395 | 25.9497 | 2.3553 | 1.6680| 1.6680 | 1.5625 | 3.9416-0.0427j | 266.6809-1.0962j
79000 | -1.1251 | 26.2942 | 2.3711 | 1.6680| 1.6680 | 1.5625 | 4.0858-0.0448j | 270.1259-1.5625j
80000 | -1.1586 | 25.5364 | 2.3346 | 1.6680| 1.6680 | 1.5625 | 3.7505-0.2251j | 262.5473-14.0439j
81000 | -1.1473 | 25.6086 | 2.3468 | 1.6680| 1.6680 | 1.5625 | 3.8640-0.0645j | 263.2691-5.1584j
82000 | -1.1509 | 25.5357 | 2.3433 | 1.6680| 1.6680 | 1.5625 | 3.8277-0.2258j | 262.5406-13.5952j
83000 | -1.1506 | 25.8588 | 2.3456 | 1.6680| 1.6680 | 1.5625 | 3.8312-0.2790j | 265.7717-16.2260j
84000 | -1.1424 | 24.7705 | 2.3436 | 1.6680| 1.6680 | 1.5625 | 3.9131+0.0192j | 254.8887+0.7603j
85000 | -1.1359 | 25.7180 | 2.3547 | 1.6680| 1.6680 | 1.5625 | 3.9782-0.0649j | 264.3638-4.9298j
86000 | -1.1445 | 25.5722 | 2.3483 | 1.6680| 1.6680 | 1.5625 | 3.8920-0.1292j | 262.9050-6.6626j
87000 | -1.1392 | 26.3793 | 2.3598 | 1.6680| 1.6680 | 1.5625 | 3.9448-0.1248j | 270.9767-6.4509j
88000 | -1.1411 | 26.5939 | 2.3620 | 1.6680| 1.6680 | 1.5625 | 3.9254-0.0271j | 273.1227-2.3633j
89000 | -1.1511 | 26.4623 | 2.3529 | 1.6680| 1.6680 | 1.5625 | 3.8258-0.1162j | 271.8068-6.3132j
90000 | -1.1275 | 25.7949 | 2.3664 | 1.6680| 1.6680 | 1.5625 | 4.0622-0.0187j | 265.1324-2.5088j
91000 | -1.1562 | 24.8722 | 2.3284 | 1.6680| 1.6680 | 1.5625 | 3.7744+0.1243j | 255.9050+9.6121j
92000 | -1.1282 | 25.7009 | 2.3612 | 1.6680| 1.6680 | 1.5625 | 4.0544+0.1828j | 264.1929+10.1080j
93000 | -1.1319 | 26.8114 | 2.3705 | 1.6680| 1.6680 | 1.5625 | 4.0180+0.1518j | 275.2973+8.9897j
94000 | -1.1417 | 25.7674 | 2.3529 | 1.6680| 1.6680 | 1.5625 | 3.9198+0.1172j | 264.8578+7.2159j
95000 | -1.1436 | 25.7281 | 2.3479 | 1.6680| 1.6680 | 1.5625 | 3.9006+0.1042j | 264.4644+5.4298j
96000 | -1.1573 | 26.0149 | 2.3401 | 1.6680| 1.6680 | 1.5625 | 3.7637+0.2495j | 267.3321+15.1171j
97000 | -1.1500 | 25.9938 | 2.3461 | 1.6680| 1.6680 | 1.5625 | 3.8371+0.0384j | 267.1211+0.4730j
98000 | -1.1510 | 26.4210 | 2.3528 | 1.6680| 1.6680 | 1.5625 | 3.8263-0.3511j | 271.3933-21.8141j
99000 | -1.1410 | 25.2325 | 2.3462 | 1.6680| 1.6680 | 1.5625 | 3.9272+0.0442j | 259.5089+3.3668j
100000 | -1.1395 | 26.1794 | 2.3601 | 1.6680| 1.6680 | 1.5625 | 3.9415+0.1937j | 268.9771+9.7053j
