# step | beta_mu_ex_S.real | beta_mu_ex_P.real | beta_P.real | rho_A.real | rho_P.real | -kTlog(Qa) | -kTlog(Qp)
1000 | -0.2110 | -23.7044 | 4.8831 | 4.8828| 0.0156 | 0.1346-0.1090j | -237.0365+8.3575j
2000 | -0.2318 | -34.5300 | 4.8832 | 4.8828| 0.0156 | -0.0732+0.0383j | -345.2928+0.1067j
3000 | -0.2067 | -36.2990 | 4.8832 | 4.8828| 0.0156 | 0.1777-0.0202j | -362.9829-1.0919j
4000 | -0.2072 | -37.4087 | 4.8832 | 4.8828| 0.0156 | 0.1729-0.1728j | -374.0802+10.1264j
5000 | -0.2111 | -38.1403 | 4.8832 | 4.8828| 0.0156 | 0.1335-0.0580j | -381.3958+2.7853j
6000 | -0.2313 | -39.4239 | 4.8831 | 4.8828| 0.0156 | -0.0677-0.0766j | -394.2318+3.7386j
7000 | -0.2406 | -40.1888 | 4.8832 | 4.8828| 0.0156 | -0.1608+0.0128j | -401.8805-0.4132j
8000 | -0.2485 | -40.8660 | 4.8832 | 4.8828| 0.0156 | -0.2401+0.0127j | -408.6525+0.2026j
9000 | -0.2426 | -40.5667 | 4.8832 | 4.8828| 0.0156 | -0.1809+0.1582j | -405.6602-11.4674j
10000 | -0.2410 | -40.3583 | 4.8832 | 4.8828| 0.0156 | -0.1652+0.2363j | -403.5762-14.5159j
11000 | -0.2487 | -40.9270 | 4.8832 | 4.8828| 0.0156 | -0.2418+0.0469j | -409.2632-0.9661j
12000 | -0.2301 | -39.6652 | 4.8832 | 4.8828| 0.0156 | -0.0566+0.0236j | -396.6453-0.3720j
13000 | -0.2321 | -39.8338 | 4.8832 | 4.8828| 0.0156 | -0.0763+0.0858j | -398.3309-4.9233j
14000 | -0.2264 | -39.3265 | 4.8831 | 4.8828| 0.0156 | -0.0196-0.0456j | -393.2578+4.5900j
15000 | -0.2359 | -40.0906 | 4.8832 | 4.8828| 0.0156 | -0.1144+0.0279j | -400.8987-2.6462j
16000 | -0.2273 | -39.4681 | 4.8832 | 4.8828| 0.0156 | -0.0282+0.0405j | -394.6740-4.0376j
17000 | -0.2234 | -39.1405 | 4.8832 | 4.8828| 0.0156 | 0.0104+0.2073j | -391.3980-11.9202j
18000 | -0.2241 | -39.2179 | 4.8832 | 4.8828| 0.0156 | 0.0034+0.1975j | -392.1716-13.0618j
19000 | -0.2208 | -39.1166 | 4.8832 | 4.8828| 0.0156 | 0.0370+0.0020j | -391.1586-0.9532j
20000 | -0.2397 | -40.4326 | 4.8832 | 4.8828| 0.0156 | -0.1517+0.0403j | -404.3184+1.4288j
21000 | -0.2391 | -40.2723 | 4.8832 | 4.8828| 0.0156 | -0.1466+0.0983j | -402.7159-7.3618j
22000 | -0.2246 | -39.2550 | 4.8831 | 4.8828| 0.0156 | -0.0015+0.0891j | -392.5430-4.7439j
23000 | -0.2063 | -38.1440 | 4.8832 | 4.8828| 0.0156 | 0.1822+0.0276j | -381.4329-0.4623j
24000 | -0.2135 | -38.8779 | 4.8832 | 4.8828| 0.0156 | 0.1094+0.0149j | -388.7715-2.1785j
25000 | -0.2099 | -38.5811 | 4.8832 | 4.8828| 0.0156 | 0.1458+0.0177j | -385.8039+0.3411j
26000 | -0.2078 | -38.3551 | 4.8832 | 4.8828| 0.0156 | 0.1665+0.0297j | -383.5437-3.3887j
27000 | -0.2120 | -38.6131 | 4.8832 | 4.8828| 0.0156 | 0.1251-0.0900j | -386.1237+6.4852j
28000 | -0.2476 | -40.8481 | 4.8832 | 4.8828| 0.0156 | -0.2316+0.0852j | -408.4737-4.0500j
29000 | -0.2129 | -38.4984 | 4.8832 | 4.8828| 0.0156 | 0.1160+0.2190j | -384.9766-14.4043j
30000 | -0.2136 | -38.7239 | 4.8832 | 4.8828| 0.0156 | 0.1085+0.1105j | -387.2323-7.3254j
31000 | -0.2033 | -38.0356 | 4.8832 | 4.8828| 0.0156 | 0.2123+0.1988j | -380.3485-16.9567j
32000 | -0.1901 | -37.1329 | 4.8832 | 4.8828| 0.0156 | 0.3442+0.1346j | -371.3218-9.9155j
33000 | -0.2270 | -39.4869 | 4.8832 | 4.8828| 0.0156 | -0.0252+0.0980j | -394.8619-5.9337j
34000 | -0.2342 | -39.9514 | 4.8832 | 4.8828| 0.0156 | -0.0970-0.0280j | -399.5065+1.5232j
35000 | -0.2042 | -38.2201 | 4.8832 | 4.8828| 0.0156 | 0.2025-0.1179j | -382.1936+8.0627j
36000 | -0.2291 | -39.7223 | 4.8832 | 4.8828| 0.0156 | -0.0460-0.0284j | -397.2162+1.3077j
37000 | -0.2148 | -38.7803 | 4.8832 | 4.8828| 0.0156 | 0.0969+0.0685j | -387.7960-5.2107j
38000 | -0.2159 | -38.7204 | 4.8832 | 4.8828| 0.0156 | 0.0862-0.0016j | -387.1972+0.1595j
39000 | -0.2499 | -40.8087 | 4.8831 | 4.8828| 0.0156 | -0.2543+0.1491j | -408.0794-9.9981j
40000 | -0.2227 | -39.2591 | 4.8832 | 4.8828| 0.0156 | 0.0176+0.1299j | -392.5835-7.8740j
41000 | -0.2278 | -39.7207 | 4.8832 | 4.8828| 0.0156 | -0.0336-0.0473j | -397.2002+3.4500j
42000 | -0.2430 | -40.4800 | 4.8832 | 4.8828| 0.0156 | -0.1853-0.0908j | -404.7927+7.5432j
43000 | -0.2274 | -39.3175 | 4.8831 | 4.8828| 0.0156 | -0.0291-0.1562j | -393.1677+9.2083j
44000 | -0.2251 | -39.5410 | 4.8832 | 4.8828| 0.0156 | -0.0057-0.1407j | -395.4024+10.7803j
45000 | -0.2451 | -41.2233 | 4.8833 | 4.8828| 0.0156 | -0.2065-0.0318j | -412.2263+0.8712j
46000 | -0.2437 | -40.7658 | 4.8832 | 4.8828| 0.0156 | -0.1919-0.1170j | -407.6505+6.9542j
47000 | -0.2389 | -40.2527 | 4.8832 | 4.8828| 0.0156 | -0.1446-0.3287j | -402.5196+23.9325j
48000 | -0.2326 | -39.7602 | 4.8832 | 4.8828| 0.0156 | -0.0816-0.1673j | -397.5948+11.0619j
49000 | -0.2320 | -39.6907 | 4.8832 | 4.8828| 0.0156 | -0.0754+0.0218j | -396.8996-1.8567j
50000 | -0.2088 | -38.3666 | 4.8832 | 4.8828| 0.0156 | 0.1567+0.1261j | -383.6590-8.3764j
51000 | -0.2448 | -40.5699 | 4.8832 | 4.8828| 0.0156 | -0.2035+0.0051j | -405.6921-0.2125j
52000 | -0.2176 | -39.1264 | 4.8832 | 4.8828| 0.0156 | 0.0686+0.0557j | -391.2571-3.6398j
53000 | -0.2250 | -39.3286 | 4.8832 | 4.8828| 0.0156 | -0.0052-0.0193j | -393.2785+0.4122j
54000 | -0.2211 | -39.1176 | 4.8832 | 4.8828| 0.0156 | 0.0336-0.0463j | -391.1686+2.2188j
55000 | -0.2180 | -38.9898 | 4.8832 | 4.8828| 0.0156 | 0.0647+0.1206j | -389.8908-7.6804j
56000 | -0.2192 | -39.1986 | 4.8832 | 4.8828| 0.0156 | 0.0525+0.2669j | -391.9786-17.7479j
57000 | -0.2358 | -40.1155 | 4.8832 | 4.8828| 0.0156 | -0.1129+0.3357j | -401.1478-21.1104j
58000 | -0.2175 | -38.9622 | 4.8832 | 4.8828| 0.0156 | 0.0695-0.0686j | -389.6149+4.5512j
59000 | -0.2172 | -38.7685 | 4.8832 | 4.8828| 0.0156 | 0.0725+0.1138j | -387.6782-7.6711j
60000 | -0.2227 | -39.2855 | 4.8832 | 4.8828| 0.0156 | 0.0176+0.1417j | -392.8477-8.0171j
61000 | -0.2317 | -39.7129 | 4.8832 | 4.8828| 0.0156 | -0.0726+0.0478j | -397.1214-3.6450j
62000 | -0.2183 | -38.9443 | 4.8832 | 4.8828| 0.0156 | 0.0618+0.0828j | -389.4354-5.4071j
63000 | -0.2212 | -39.0076 | 4.8832 | 4.8828| 0.0156 | 0.0330+0.1052j | -390.0693-6.2730j
64000 | -0.2184 | -39.0467 | 4.8832 | 4.8828| 0.0156 | 0.0613+0.0822j | -390.4600-4.1199j
65000 | -0.2101 | -38.3783 | 4.8832 | 4.8828| 0.0156 | 0.1441-0.0039j | -383.7757+1.3639j
66000 | -0.2196 | -39.0099 | 4.8832 | 4.8828| 0.0156 | 0.0492+0.1262j | -390.0919-7.7892j
67000 | -0.2363 | -40.1755 | 4.8832 | 4.8828| 0.0156 | -0.1184+0.0307j | -401.7476-2.4028j
68000 | -0.2396 | -40.3266 | 4.8832 | 4.8828| 0.0156 | -0.1508-0.2656j | -403.2590+17.0093j
69000 | -0.2350 | -39.9530 | 4.8832 | 4.8828| 0.0156 | -0.1056-0.2867j | -399.5233+17.9717j
70000 | -0.2201 | -38.8807 | 4.8831 | 4.8828| 0.0156 | 0.0441+0.1330j | -388.8000-7.9931j
71000 | -0.2313 | -39.7154 | 4.8832 | 4.8828| 0.0156 | -0.0685+0.1128j | -397.1468-6.8542j
72000 | -0.2075 | -38.0783 | 4.8831 | 4.8828| 0.0156 | 0.1702+0.0021j | -380.7761+0.2792j
73000 | -0.2249 | -39.3521 | 4.8832 | 4.8828| 0.0156 | -0.0044-0.0444j | -393.5142+2.8149j
74000 | -0.2126 | -38.5469 | 4.8832 | 4.8828| 0.0156 | 0.1189+0.0010j | -385.4623-1.3638j
75000 | -0.2343 | -39.9704 | 4.8832 | 4.8828| 0.0156 | -0.0985-0.0799j | -399.6967+3.7852j
76000 | -0.2211 | -39.1746 | 4.8832 | 4.8828| 0.0156 | 0.0340-0.1398j | -391.7392+8.7093j
77000 | -0.2085 | -38.1940 | 4.8832 | 4.8828| 0.0156 | 0.1597-0.2603j | -381.9333+15.7574j
78000 | -0.2289 | -39.7199 | 4.8832 | 4.8828| 0.0156 | -0.0438-0.1402j | -397.1918+7.7654j
79000 | -0.2373 | -40.3993 | 4.8832 | 4.8828| 0.0156 | -0.1284-0.1421j | -403.9862+8.9021j
80000 | -0.2259 | -39.5747 | 4.8832 | 4.8828| 0.0156 | -0.0140-0.0028j | -395.7401+0.5625j
81000 | -0.2350 | -40.0067 | 4.8832 | 4.8828| 0.0156 | -0.1053-0.0179j | -400.0596+2.1575j
82000 | -0.2484 | -40.8474 | 4.8832 | 4.8828| 0.0156 | -0.2390-0.1252j | -408.4665+9.5986j
83000 | -0.2430 | -40.4157 | 4.8832 | 4.8828| 0.0156 | -0.1854+0.1511j | -404.1494-8.8959j
84000 | -0.2414 | -40.3028 | 4.8831 | 4.8828| 0.0156 | -0.1688-0.1284j | -403.0205+7.5008j
85000 | -0.2327 | -39.7508 | 4.8832 | 4.8828| 0.0156 | -0.0823-0.2135j | -397.5011+13.3047j
86000 | -0.2143 | -38.5547 | 4.8831 | 4.8828| 0.0156 | 0.1018-0.0078j | -385.5400+1.1705j
87000 | -0.2311 | -39.5857 | 4.8832 | 4.8828| 0.0156 | -0.0657-0.0990j | -395.8495+6.8044j
88000 | -0.2310 | -39.7549 | 4.8832 | 4.8828| 0.0156 | -0.0655+0.0918j | -397.5418-7.3308j
89000 | -0.2341 | -40.0326 | 4.8832 | 4.8828| 0.0156 | -0.0962+0.0913j | -400.3192-5.3311j
90000 | -0.2428 | -40.5914 | 4.8832 | 4.8828| 0.0156 | -0.1833+0.0579j | -405.9070-3.5517j
91000 | -0.2402 | -40.4428 | 4.8832 | 4.8828| 0.0156 | -0.1573+0.0437j | -404.4205-2.5171j
92000 | -0.2109 | -38.5191 | 4.8832 | 4.8828| 0.0156 | 0.1358+0.0727j | -385.1834-4.9462j
93000 | -0.2387 | -40.3115 | 4.8832 | 4.8828| 0.0156 | -0.1420+0.0252j | -403.1075-1.9796j
94000 | -0.2408 | -40.5192 | 4.8832 | 4.8828| 0.0156 | -0.1630+0.1158j | -405.1845-9.2040j
95000 | -0.2269 | -39.4830 | 4.8832 | 4.8828| 0.0156 | -0.0237-0.0009j | -394.8227+0.2400j
96000 | -0.2239 | -39.2950 | 4.8832 | 4.8828| 0.0156 | 0.0055-0.0472j | -392.9425+2.6162j
97000 | -0.2208 | -39.0555 | 4.8832 | 4.8828| 0.0156 | 0.0372+0.0200j | -390.5474-1.9751j
98000 | -0.2213 | -39.2433 | 4.8832 | 4.8828| 0.0156 | 0.0316-0.1727j | -392.4261+10.8985j
99000 | -0.2202 | -39.1702 | 4.8832 | 4.8828| 0.0156 | 0.0427-0.0466j | -391.6944+2.6744j
100000 | -0.2163 | -38.7254 | 4.8832 | 4.8828| 0.0156 | 0.0823-0.0561j | -387.2468+4.8319j
