# step beta_mu_ex.real beta_P.real rho.real -kTlog(Q)
1000 9.36 -0.00 0.02 53.97+13.92j
2000 16.41 -0.00 0.01 89.24+5.40j
3000 14.45 -0.00 0.02 79.42+4.44j
4000 15.21 -0.00 0.02 83.25+12.08j
5000 14.46 -0.00 0.02 79.50+1.85j
6000 20.08 -0.00 0.01 107.58-7.71j
7000 16.96 -0.00 0.02 91.98+10.80j
8000 19.05 0.00 0.02 102.44-3.89j
9000 17.87 -0.00 0.02 96.53-3.30j
10000 14.77 -0.00 0.02 81.04-9.63j
11000 15.36 -0.00 0.02 84.00-10.90j
12000 17.83 -0.00 0.02 96.33+11.80j
13000 16.41 -0.00 0.02 89.21+8.76j
14000 14.78 -0.00 0.02 81.09+15.04j
15000 16.72 -0.00 0.02 90.77-11.35j
16000 15.02 -0.00 0.02 82.28+14.41j
17000 14.83 -0.00 0.02 81.32-13.25j
18000 19.36 0.00 0.02 103.97-6.04j
19000 17.78 -0.00 0.02 96.10-1.75j
20000 14.50 -0.00 0.02 79.70+10.04j
21000 16.31 -0.00 0.02 88.73-13.92j
22000 18.30 0.00 0.02 98.70-14.75j
23000 16.08 -0.00 0.02 87.59+11.81j
24000 18.54 -0.00 0.02 99.89+5.46j
25000 15.37 -0.00 0.02 84.01-3.46j
26000 18.25 -0.00 0.02 98.43+8.63j
27000 13.70 -0.00 0.02 75.68-14.03j
28000 14.48 -0.00 0.02 79.59-0.85j
29000 16.47 -0.00 0.02 89.55-7.08j
30000 19.12 -0.00 0.02 102.79+6.56j
31000 18.11 0.00 0.01 97.75+7.02j
32000 15.36 -0.00 0.02 83.98+10.07j
33000 16.50 -0.00 0.02 89.70+13.65j
34000 16.91 -0.00 0.02 91.75-13.41j
35000 17.20 -0.00 0.02 93.18-5.00j
36000 14.96 -0.00 0.02 81.96-9.75j
37000 15.92 -0.00 0.02 86.77+3.11j
38000 12.39 -0.00 0.02 69.15+11.03j
39000 19.15 -0.00 0.02 102.96-13.23j
40000 17.41 -0.00 0.02 94.23-2.45j
41000 15.04 -0.00 0.02 82.38+0.93j
42000 17.22 -0.00 0.01 93.27+1.61j
43000 16.66 -0.00 0.02 90.48+15.40j
44000 17.76 -0.00 0.02 95.99-7.95j
45000 14.03 -0.00 0.02 77.33-15.63j
46000 12.95 -0.00 0.02 71.93+2.64j
47000 15.27 -0.00 0.02 83.51+9.07j
48000 16.65 -0.00 0.02 90.46+2.99j
49000 22.43 0.00 0.02 119.33-14.57j
50000 18.13 0.00 0.02 97.84-3.45j
51000 16.49 -0.00 0.02 89.61-5.35j
52000 16.16 0.00 0.02 88.00-13.71j
53000 15.64 -0.00 0.02 85.37+14.65j
54000 15.18 -0.00 0.02 83.07+5.70j
55000 13.22 -0.00 0.02 73.26+15.66j
56000 16.73 -0.00 0.02 90.83+7.27j
57000 15.38 -0.00 0.02 84.10+6.53j
58000 16.59 0.00 0.02 90.12+5.75j
59000 21.81 0.00 0.02 116.24+12.84j
60000 21.39 -0.00 0.02 114.16+11.54j
61000 16.75 -0.00 0.02 90.95-14.67j
62000 14.37 0.00 0.02 79.03+13.26j
63000 13.20 -0.00 0.02 73.20-4.10j
64000 13.29 -0.00 0.02 73.62-9.96j
65000 13.00 -0.00 0.02 72.18-6.94j
66000 15.48 -0.00 0.02 84.57+15.51j
67000 19.65 -0.00 0.02 105.41+13.77j
68000 15.66 -0.00 0.02 85.48+8.23j
69000 15.20 -0.00 0.02 83.19-12.33j
70000 16.82 -0.00 0.02 91.30-3.92j
71000 19.32 -0.00 0.02 103.80-11.99j
72000 16.41 -0.00 0.02 89.22-14.13j
73000 18.62 -0.00 0.02 100.28-8.94j
74000 16.44 -0.00 0.02 89.38-2.06j
75000 16.33 -0.00 0.02 88.82-3.93j
76000 17.82 -0.00 0.02 96.26+11.12j
77000 18.39 -0.00 0.02 99.11-15.29j
78000 21.48 -0.00 0.02 114.59-8.71j
79000 20.01 0.00 0.02 107.24+5.25j
80000 16.61 -0.00 0.02 90.25-10.10j
81000 15.56 -0.00 0.02 84.98+12.40j
82000 17.55 -0.00 0.02 94.93+6.59j
83000 15.78 -0.00 0.02 86.06-0.18j
84000 15.71 -0.00 0.02 85.74-1.04j
85000 15.86 -0.00 0.02 86.49-13.53j
86000 17.63 -0.00 0.02 95.34-4.84j
87000 14.28 -0.00 0.02 78.57-9.77j
88000 11.13 -0.00 0.02 62.82+3.55j
89000 16.84 0.00 0.02 91.40-5.22j
90000 17.77 -0.00 0.02 96.02-6.11j
91000 17.23 0.00 0.02 93.34+10.17j
92000 20.16 -0.00 0.01 108.00+11.00j
93000 17.86 -0.00 0.02 96.48+9.36j
94000 20.05 0.00 0.02 107.45+6.04j
95000 19.93 -0.00 0.01 106.85+0.57j
96000 25.12 0.00 0.01 132.79+8.84j
97000 17.11 -0.00 0.02 92.72+7.27j
98000 18.77 -0.00 0.02 101.01-5.38j
99000 21.55 -0.00 0.01 114.92-6.60j
100000 19.15 0.00 0.02 102.95-4.95j
101000 18.99 -0.00 0.02 102.13+12.59j
102000 18.54 -0.00 0.01 99.90+14.10j
103000 19.91 -0.00 0.01 106.71+9.32j
104000 15.25 -0.00 0.02 83.43-7.86j
105000 15.65 -0.00 0.02 85.43-9.32j
106000 15.53 -0.00 0.02 84.83-9.33j
107000 15.48 -0.00 0.02 84.58-6.04j
108000 14.13 -0.00 0.02 77.83+15.22j
109000 17.93 -0.00 0.02 96.84+14.32j
110000 19.02 -0.00 0.02 102.27-5.37j
111000 15.79 -0.00 0.02 86.14+13.82j
112000 16.31 -0.00 0.02 88.76-3.76j
113000 17.70 -0.00 0.02 95.71-11.89j
114000 22.42 0.00 0.02 119.29-10.32j
115000 17.04 -0.00 0.02 92.36+5.35j
116000 16.92 0.00 0.02 91.76-7.14j
117000 16.11 -0.00 0.02 87.74-9.65j
118000 16.04 -0.00 0.02 87.40+1.44j
119000 14.73 -0.00 0.02 80.85+12.78j
120000 20.49 -0.00 0.02 109.62-6.87j
121000 19.40 -0.00 0.02 104.21-11.55j
122000 19.06 0.00 0.02 102.50-5.68j
123000 15.42 -0.00 0.02 84.29+12.71j
124000 19.74 -0.00 0.01 105.86+4.17j
125000 16.53 0.00 0.02 89.85-0.03j
126000 17.01 -0.00 0.02 92.22+5.21j
127000 11.82 -0.00 0.02 66.29+13.88j
128000 14.07 -0.00 0.02 77.51+10.79j
129000 22.01 -0.01 0.02 117.26+7.77j
130000 15.55 -0.00 0.02 84.95-5.60j
131000 17.00 -0.00 0.02 92.17+14.62j
132000 20.27 -0.00 0.02 108.53-0.60j
133000 16.33 -0.00 0.02 88.83+9.30j
134000 18.28 -0.00 0.02 98.59+9.46j
135000 24.02 0.00 0.01 127.29-1.11j
136000 17.24 -0.00 0.01 93.38-14.82j
137000 17.01 -0.00 0.02 92.24+0.36j
138000 16.20 0.00 0.02 88.19+15.17j
139000 15.26 -0.00 0.02 83.51+4.92j
140000 14.37 -0.00 0.02 79.04+7.54j
141000 17.85 -0.00 0.02 96.42+1.70j
142000 16.68 -0.00 0.02 90.57-2.45j
143000 13.88 -0.00 0.02 76.61+12.64j
144000 14.95 -0.00 0.02 81.92+9.94j
145000 14.41 -0.00 0.02 79.24+13.51j
146000 13.95 -0.00 0.02 76.93+0.26j
147000 18.97 -0.00 0.01 102.04+5.71j
148000 16.02 -0.00 0.02 87.28+7.64j
149000 15.94 -0.00 0.02 86.88-7.02j
150000 19.33 -0.00 0.02 103.86-12.75j
151000 18.66 -0.00 0.01 100.49+14.39j
152000 19.43 -0.00 0.02 104.35+4.02j
153000 15.24 0.00 0.02 83.41-3.96j
154000 15.31 -0.00 0.02 83.74-1.85j
155000 17.06 0.00 0.02 92.50+6.65j
156000 17.92 -0.00 0.02 96.78-10.97j
157000 17.23 -0.00 0.02 93.33-10.56j
158000 19.17 -0.00 0.02 103.05+15.59j
159000 17.67 -0.00 0.01 95.55+2.31j
160000 14.98 -0.00 0.02 82.10+4.80j
161000 18.14 -0.00 0.02 97.88-11.72j
162000 20.39 0.00 0.02 109.15-1.63j
163000 13.92 0.00 0.02 76.78-14.17j
164000 15.47 -0.00 0.02 84.53-6.54j
165000 17.16 -0.00 0.02 92.97+8.85j
166000 16.01 -0.00 0.02 87.21-14.07j
167000 15.74 -0.00 0.02 85.90-13.21j
168000 17.65 0.00 0.02 95.45+4.73j
169000 15.62 -0.00 0.02 85.27+4.92j
170000 16.30 -0.00 0.02 88.66-5.74j
171000 16.69 -0.00 0.02 90.63+12.33j
172000 15.31 0.00 0.02 83.74+12.41j
173000 12.75 -0.00 0.02 70.93-12.00j
174000 17.18 -0.00 0.02 93.09-12.86j
175000 16.17 -0.00 0.02 88.04-13.09j
176000 12.72 -0.00 0.02 70.79-2.19j
177000 15.90 -0.00 0.01 86.69+15.06j
178000 13.70 -0.00 0.02 75.67-12.87j
179000 14.18 -0.00 0.02 78.08+15.26j
180000 14.00 -0.00 0.02 77.16-10.60j
181000 13.57 -0.00 0.02 75.02-11.51j
182000 19.83 0.00 0.01 106.32-13.61j
183000 18.56 -0.00 0.02 99.99+2.87j
184000 15.47 -0.00 0.02 84.54-13.42j
185000 12.57 -0.00 0.02 70.02+9.34j
186000 13.14 -0.00 0.02 72.87+6.32j
187000 13.61 0.00 0.02 75.25-9.22j
188000 14.28 -0.00 0.02 78.59+8.78j
189000 14.86 -0.00 0.02 81.48+5.09j
190000 15.42 -0.00 0.02 84.28+15.35j
191000 16.95 -0.00 0.01 91.92+12.50j
192000 14.84 0.00 0.02 81.38-5.45j
193000 21.91 0.00 0.02 116.71-6.71j
194000 15.48 -0.00 0.02 84.59+8.36j
195000 11.62 -0.00 0.02 65.26+3.63j
196000 15.73 -0.00 0.02 85.82-1.26j
197000 16.94 -0.00 0.02 91.89-10.14j
198000 16.17 -0.00 0.02 88.04-2.24j
199000 14.88 -0.00 0.02 81.56+11.97j
